[1060.9577190082612, 44.038828944625557, 509.58232916638622]
[1030.8562973593121, 16.244435036390293, 511.92052317856002]
[1059.733406800663, 44.173515769864558, 507.69351876279217]
[1025.7954446950384, 16.707666326570397, 504.7047904580125]
[1055.8610085704715, 44.594206003683965, 502.26773937711539]
[1020.7487167329213, 17.077705731840123, 498.48850910636986]
[1048.6870728396511, 45.355589286021903, 493.99887229547096]
[1013.5066620064659, 17.47410084196558, 491.03557009266706]
[1037.1828091890361, 46.538158424875476, 484.24283966561495]
[1000.8862671720028, 17.860774495765561, 481.50737183695099]
[1020.364023233753, 48.199720272104095, 475.22844778573898]
[982.05432042347888, 17.908477805421747, 473.98722879367335]
[998.08946778525183, 50.291512891758671, 469.65430831039055]
[958.14269293678183, 17.411316196304341, 474.91236234971416]
[971.33938331489639, 52.613760328819104, 469.60801623096836]
[935.88226255812265, 16.983170882197406, 491.97913028640312]
[941.7515240548214, 54.69147989467163, 476.67068982456885]
[910.73853457217399, 16.948872241686097, 512.73858599432106]
[911.66503870866779, 55.461659476873223, 492.64798213841578]
[874.50375877320755, 16.948872241686097, 515.13099322485186]
[875.94609749685765, 55.463378514436315, 503.35992770206354]
[837.89879280915682, 16.948872241686097, 497.47053552536295]
[836.48292006769782, 55.463378514436329, 496.25926862146537]
[814.92826702379421, 17.25169907968543, 458.52139255039305]
[814.55628671033605, 55.463378514436315, 459.70576086194887]
[839.36281164798754, 21.87218430628333, 418.26858710215117]
[821.0519869044399, 55.463378514436322, 414.28079960707231]
[884.9624167771392, 17.27460463129561, 391.19613643631595]
[861.87154916395673, 55.463378514436329, 386.3148428418649]
[905.47481581801844, 16.948872241686097, 339.02468671217713]
[899.90637504633628, 55.463378514436329, 350.97333072190588]
[902.29034920807214, 16.937914951768047, 281.60631126486038]
[905.34474772949227, 55.463378514436329, 296.73077707414166]
[879.95897139188787, 15.245292039073124, 227.22805424983784]
[888.18875399340027, 55.463378514436329, 241.62793925411162]
[844.97789994157347, 9.6128319290752362, 179.17463154013092]
[858.78795946931791, 55.451789603754079, 189.07400560077286]
[800.74777257106155, 4.2966333775233778, 138.64992029168968]
[818.8963559455193, 55.178637273425693, 141.03721827323517]
[748.26445139676434, 2.7879984632377273, 108.83463196175353]
[765.79303030788719, 54.329343914563218, 104.57324467139266]
[689.24325693502442, 2.7806964190161381, 98.751810306381401]
[701.10836782219303, 54.688559774884098, 91.933249074378722]
[634.06984814202383, 4.529758446452262, 119.13975142215345]
[644.20984453606411, 56.921112572184683, 126.18715339638449]
[596.67857147294603, 12.075177764316789, 163.60869956266362]
[619.04114838400812, 55.989074581134339, 191.52127458830023]
[584.93895784748634, 16.663782334767287, 220.97475255487348]
[616.67276768733052, 60.56161075128496, 261.85163373114864]
[605.18546166915053, 15.957523138693048, 277.20917746277826]
[658.60707197824127, 70.981011068293341, 320.54735830921823]
[645.05066183566203, 15.53941116180841, 324.80218027484119]
[717.47402258669251, 55.42452414314122, 361.18164577272415]
[694.45904860258065, 16.665639139180577, 366.15828917834187]
[778.53293032612271, 35.261466043783308, 395.16838465622595]
[748.00100951224499, 9.8151599389485451, 404.46976943711149]
[744.56076776941177, 48.969887067313692, 454.67747369631405]
[713.98377482226158, 16.275500553274036, 458.39940425651014]
[668.65793496838501, 55.342686720876941, 465.88447278878522]
[636.65886863445144, 16.956908745092946, 459.38290047722808]
[592.9015382983265, 55.463378514436315, 443.62720430284747]
[558.82225631375263, 16.948872241686097, 426.58579093024628]
[521.15001272663847, 55.463378514436322, 408.26661797149529]
[476.38553448113771, 16.948872241686097, 397.32231579052632]
[445.71975972065775, 55.463378514436322, 379.99341326760265]
[391.01160525374576, 16.948872241686097, 377.44261678444525]
[366.28800400287309, 55.463378514436329, 364.91084335689294]
[305.2785372584604, 16.948872241686097, 370.2414176242844]
[287.49826420052716, 55.463378514436315, 383.46118835956213]
[223.60778144332102, 16.948872241686097, 356.62859253520276]
[210.75542168126074, 55.463378514436315, 383.61114579235766]
[153.71076374857643, 16.948872241686097, 328.79460732181423]
[151.51995611857112, 55.463378514436329, 328.90988172958617]
[90.571417109507536, 16.948872241686097, 342.07212469906176]
[79.2754931041775, 55.463378514436329, 353.84324660556251]
[63.684778406932928, 16.948872241686097, 402.4014246093522]
[70.542817714664366, 55.463378514436322, 430.98712525233475]
[96.875931667646284, 16.948872241686097, 469.13758074053487]
[125.62073782370143, 55.463378514436315, 488.47000611767618]
[166.04408437017011, 16.948872241686097, 509.04074666907991]
[195.84456932837003, 55.463378514436315, 528.6975278054573]
[224.47981457652028, 16.948872241686097, 564.76617463834577]
[237.42731409512749, 55.463378514436315, 596.45961875440491]
[244.35924338557794, 16.948872241686097, 644.65802752345439]
[240.3588633605423, 55.463378514436315, 675.4349439288992]
[222.22927333713352, 16.948872241686097, 724.38349963492624]
[213.47668336266926, 55.463378514436315, 749.86410183793578]
[206.02357221611717, 16.948872705842284, 809.39727977669781]
[206.4383077953309, 55.463378514436315, 827.57866856452097]
[217.01808024707557, 22.092661257442774, 896.41683323013319]
[218.84021027920011, 55.463378514436322, 903.78836809198572]
[240.47039981272403, 35.195772716942031, 972.90042581452485]
[248.73326356615962, 55.463378514436322, 973.28926506086839]
[281.33571676696101, 38.214129679931688, 1011.8013678921816]
[312.17166067327059, 55.463378514436322, 1010.7954448154218]
[337.90184059932943, 35.096144743998209, 1018.8394880692517]
[384.77154776790417, 55.463378514436315, 1019.562125647981]
[426.37432300103831, 23.593760805352158, 1008.2850974127813]
[454.31193327507452, 55.463378514436315, 1002.5894644914551]
[499.55568585873186, 17.2064067535579, 970.1939461075915]
[509.98616984914509, 55.463378514436329, 960.22304123601862]
[542.31615062644892, 16.948872241686097, 920.04054188904138]
[552.52233438000962, 55.463378514436329, 906.46719972455094]
[584.61586604096806, 16.948872241686097, 874.8007347876794]
[603.05071052342146, 55.463378514436322, 863.91769024134533]
[639.90309796774579, 16.948872241686097, 851.44187868762106]
[665.29243560575924, 55.463378514436322, 847.82229512475783]
[700.20509094035378, 16.948872241686097, 847.61419782937082]
[727.60219701232461, 55.463378514436315, 850.65990539792824]
[762.14855480232791, 16.948872241686097, 857.33268873061274]
[786.58226434200594, 55.463378514436329, 862.86375030214208]
[826.34536107283145, 16.948872241686097, 871.35010503129865]
[843.27934597370449, 55.463378514436329, 874.21399505016188]
[892.32146996569861, 16.948872241686097, 877.24771480683262]
[898.38149019568027, 55.463378514436329, 876.74012073204665]
[951.59652123108719, 16.948872241686097, 854.73933201865816]
[946.60785899473558, 55.463378514436329, 857.43599779509509]
[997.67386668980066, 16.948872241686097, 816.73753202090461]
[980.52267150141415, 55.463378514436329, 821.11732019491103]
[1032.9000749088459, 16.9488722416861, 771.44412766823712]
[1001.3111228754451, 55.463378514436322, 779.21902220772142]
[1054.4582154896891, 16.947901359536253, 720.23041823889912]
[1013.0930975639335, 55.463378514436329, 736.91577894366651]
[1063.7356155433456, 16.551600398442623, 673.82025701391535]
[1028.4299983277306, 55.383983668423127, 699.25011852028558]
[1065.2521725389001, 15.618216974673997, 640.98729390746701]
[1047.1029814820929, 53.945414300275509, 666.81169692593289]
[1064.5362158625055, 14.843473330586962, 618.98026261112]
[1063.1730889588932, 50.693725466303277, 636.98276640548011]
[1062.5457655691232, 14.298506930798254, 599.84482004194592]
[1074.4216443372022, 47.057289221588746, 608.8956964288808]
[1059.6371167938266, 14.020690291739928, 583.29967990821797]
[1079.5396966654714, 44.381565234166587, 582.73879989338957]
[1056.1397218424906, 13.975619706323981, 569.02836860603963]
[1079.1334981750069, 43.023452581855551, 559.78452845718994]
[1052.3042142525494, 14.112219657972037, 556.68410782554258]
[1075.2212256821786, 42.744230657694494, 541.09686341734971]
[1048.2910881020537, 14.384298051244597, 545.9123315839006]
[1070.0606781097399, 43.071950106999097, 526.95201369203357]
[1044.1736013159975, 14.758754501763979, 536.36024516389216]
[1065.3435626853584, 43.554777502846953, 517.14682273972062]
[1039.9485664619965, 15.217327983235052, 527.68754299337161]