5
207
548.7622051,4.160083,971.8022418
545.4965,4.361768,974.255
544.4639,4.440521,975.0016
543.191115,4.45235,975.92177
542.5068,4.419495,976.3843
541.0927382,4.499854,976.8481444
540.5617382,4.516742,977.1257444
539.9197,4.397888,977.4461
537.2369,4.687543,978.8342
536.2573,4.736762,979.3251
535.7897,4.776044,979.5494
535.3334,4.816071,979.7177
534.8547,4.859272,979.8579
534.1311,4.927429,979.9841
533.0959,4.996338,980.0683
530.4353,5.02934,980.1664
519.3033,5.289697,981.0778
518.6989,5.297308,981.0903
516.692287,5.294507,981.0041144
511.289545,5.35791,981.40675
507.212265,5.616882,981.718295
505.8197,5.664014,981.8305
494.8542011,6.255805,982.7722425
495.771905,5.809412,993.74917
495.86109,5.765619,994.88661
496.75151,5.233313,1005.4291
497.642385,5.76853,1016.7628
498.6918014,6.560126,1028.052231
510.487375,5.744781,1027.228
522.55422,4.979303,1026.303
534.644445,4.468072,1025.391
547.100055,4.301105,1024.41
559.22793,4.453259,1023.498
571.009307,5.06073,1022.355898
571.08784,4.190668,1010.82615
570.297025,2.829437,999.854
569.22887,3.058362,988.27844
568.46042,3.562946,976.95806
566.746765,4.226379,956.84483
566.63369,4.299274,954.750135
566.55703,4.3229,954.13112
566.122515,4.381757,948.50557
565.598925,4.458313,942.610775
564.399952,4.4,932.2503197
589.2236334,3.91029,930.6127376
589.2237,3.957965,931.7913
589.246855,3.940277,933.368045
590.750075,3.300043,952.62684
591.239425,3.183716,957.72608
592.608315,2.711072,975.47306
593.175525,2.286884,985.018985
593.176925,2.227991,986.813585
594.307867,2.264142,997.6986438
569.977565,2.829437,999.58201
557.527165,3.05622,1000.43795
545.34358,3.708734,1001.489
532.793925,3.841083,1002.302
520.8268,4.339978,1003.256
508.6282558,4.755438,1004.189772
510.163898,5.744781,1026.653303
499.2214829,6.560126,1027.39159
498.1984077,5.76853,1016.379205
492.668105,5.888641,1016.899
477.812795,6.756641,1017.81
473.0856293,7.238489,1018.196482
472.3433043,6.711023,1007.591555
479.1497484,6.128137,1006.984527
480.6411,6.07547,1005.258
481.8254,6.03758,1004
483.0822,5.986902,1003.005
486.5826874,5.963739,999.6504329
487.007,5.931195,999.6015
488.2163,5.859741,999.3594
489.0576,5.829602,999.0984
489.4625,5.821198,998.9194
490.8834,5.793591,998.2512
493.0055,5.829053,996.9712
495.3603,5.811872,995.6281
496.29018,5.765619,995.131705
497.3096,5.713696,994.6432
499.6264,5.64234,993.5958
501.9796,5.572272,992.6912
504.3891,5.428943,991.9534
506.382,5.311725,991.4653
507.95841,5.243793,991.10197
519.62963,4.822333,988.50676
525.9423,4.796857,986.9781
527.8153,4.765735,986.5117
529.6243,4.848102,985.8892
530.3033,4.856983,985.6137
531.56946,4.864172,985.006865
532.2867,4.852112,984.6539
532.728,4.845587,984.4117
533.2526,4.775739,984.124
534.4135,4.817261,983.3789
536.3271,4.72934,982.1877
537.4913,4.690503,981.4586
542.808,4.3318,978.2271
543.9275855,4.4047,977.1358226
544.6841,4.389966,976.7169
548.4467,4.365033,973.7021
549.9385,4.382324,972.5804
551.0294,4.413166,971.655
552.3652,4.433289,970.4209
557.7086,4.339093,965.2187
559.1557,4.310174,963.8445
560.1354,4.263471,962.9752
560.8589,4.237665,962.3022
561.8608,4.272974,961.3906
563.4526,4.227106,959.8342
565.7124,4.225629,957.6187
566.4472,4.226379,956.8615
568.5733,4.182324,954.5337
582.8111,4,940.1324
589.546,3.940277,933.3456
593.1082,3.822516,929.7837
595.1787,3.62475,927.7363
612.8452,2.8,910.5163
617.7654,2.8,905.3138
624.6227,2.850781,898.5266
630.5449,3.053784,892.9313
635.5209,3.228784,887.8828
637.1016,3.358862,886.2842
644.2372,3.428095,879.02
647.254,3.079608,875.8649
658.5974,2.748419,864.4775
661.4584,2.653058,861.5466
667.5029,2.374603,855.7408
667.7702,2.381586,856.2177
667.9927,2.396137,856.8766
668.1041,2.41767,857.6341
668.6606,2.392639,864.66
669.7275,2.1203,877.4262
672.192,1.961896,877.2575
677.21108,1.728742,876.808985
680.459585,1.533124,876.557265
685.5007911,1.441162,876.3831944
686.19491,1.346057,884.2473
686.729105,1.3,891.200805
687.3052437,1.28031,899.953654
684.9802,1.3,900.1392
663.8612226,1.826672,901.7127553
663.16,2.106305,893.103485
662.608085,2.324707,886.224965
662.0815536,2.522394,878.7104506
661.7032,2.507428,877.9262
661.9114028,2.493109,876.9139597
661.6201277,2.55899,873.136595
660.9453481,2.580518,872.1602858
660.7768,2.594373,869.769
660.6887,2.636987,868.5765
660.543,2.687006,866.8696
660.4212,2.694422,866.2712
660.2048,2.703522,865.7449
659.8718,2.713538,865.3063
659.5442,2.723932,864.9667
659.1496,2.736914,864.5831
658.769235,2.748419,864.231895
657.9296,2.776251,863.6535
657.220245,2.8,863.19286
656.317,2.860852,862.5685
655.793,2.8987,862.1318
655.43589,2.926154,861.603695
655.2104,2.941736,861.0229
655.028,2.977179,860.2917
654.8527,2.983118,859.3532
653.3834,3.160242,850.084
653.1287,3.23634,848.580195
652.7824,3.366205,845.7094
651.07889,4.076599,835.49795
650.0436,3.784583,829.159295
648.9154631,3.497693,822.2959446
636.99653,4.557819,824.11517
630.141855,4.968152,825.264825
619.90003,5.607556,826.877885
612.006825,5.986816,828.1401
602.6349,6.061011,829.6545
593.4445758,5.982593,831.034307
595.538995,4.907495,844.48355
596.563675,4.533569,851.09251
597.621775,4.324152,857.377775
598.76659,4.108185,863.84578
599.668485,3.9,870.4522
601.2592,3.617975,881.5527
601.3492995,3.596283,882.4583853
610.3122729,3.612555,881.9150715
611.2533201,3.045239,892.9247006
624.6303,3.072351,892.1789
625.7697,3.075153,892.0952
626.396,3.074689,892.1066
626.8393,3.069544,892.233
627.2963,3.057391,892.5533
627.6478488,3.043372,892.8968752
622.9975,2.9,897.4608
619.2571,2.84024,901.1349
614.9824,2.723053,905.426
612.6003,2.8,907.9781
595.123,3.522083,924.9178
592.1843,3.79068,927.9047
589.5438885,3.91029,930.2741689
584.4921,3.925549,935.8416
572.2469,4.126776,948.0833
567.872,4.272602,952.5005
566.2579,4.3229,954.155
565.6234,4.320679,954.8563
557.3746,4.41239,963.3538
554.9924,4.327472,965.6955
205
520.5362,8.253375,913.4858
520.8184,8.225397,913.2609
521.0569,8.19975,913.1248
521.3492,8.172462,913.0584
522.1928,8.02558,913.0166
523.8454,7.935388,912.8198
526.4283,7.75282,912.5392
529.1613039,7.572815,912.184376
528.0072,8.110682,895.981
527.562,7.983716,889.4614
527.43953,8.119922,887.55433
526.9479,8.086616,883.3139
526.1904,7.956641,878.1362
525.8679,7.745526,875.7407
525.8267,7.582007,875.1354
525.6374,7.100775,873.3545
525.8489,6.98977,872.6815
526.0716,6.9383,872.0925
526.3387,6.836414,870.9846
525.8044,6.747083,870.2695
525.4371,6.648395,869.6384
525.2255,6.676599,869.1194
525.2762491,6.700348,868.5026391
524.9511,6.742572,867.2335
524.676,6.603858,865.5957
523.2546153,6.041181,856.3787785
541.0353,5.068719,853.583
559.25842,4.5,850.693985
577.3086399,4.556983,847.6582884
578.306955,4.4,853.922905
578.5737,4.281555,855.8273
579.24195,4.231122,860.162825
580.647365,4.047455,866.796965
581.702325,4.009223,873.37426
583.3281,3.94754,882.8572
583.3894942,3.943463,883.2263171
573.397085,4.375617,883.839215
560.97863,5.010583,884.863325
546.224175,5.986413,886.35017
536.157745,6.658039,887.10686
527.13547,8.119922,887.274405
521.5732,9.037292,887.0923
517.014142,9.72086828,886.9324439
516.4133,9.756976,887.2712
516.7138,9.771979,889.1494
517.9816,9.622253,897.2744
519.0606,8.784027,907.5463
519.3722,8.440753,910.6721
519.4529,8.360834,911.492
519.649,8.246246,912.2943
519.8482,8.252802,912.8987
519.8509271,8.253375,913.2814155
519.6867,8.300397,913.7583
519.5942,8.317462,914.2389
519.56,8.25268,915.2656
519.56,8.337745,916.5427
519.5385,8.388965,917.2242
519.4755,8.432233,917.6432
519.3718,8.485541,918.158
519.1777,8.484332,918.66
518.8924,8.499829,919.1509
518.6272,8.556354,919.5518
518.1896,8.571631,919.9974
517.45631,8.600781,920.60426
516.856,8.599072,920.8991
516.3779,8.638135,921.0688
515.8045,8.700397,921.2161
515.1796,8.803308,921.3098
514.6321,8.898847,921.3226
514.2292,8.973078,921.2964
513.7455,9.064038,921.2171
513.064,9.196118,921.0433
512.2473,9.192676,920.7184
511.607,9.25946,920.382
511.3609,9.288409,920.2026
511.0451202,9.318469,919.9116401
507.89901,9.565015,919.073765
507.384,9.637256,918.9829
506.6933,9.734034,918.9249
506.1012,9.75296,918.9248
505.47,9.770197,918.9694
504.8254,9.782557,919.0993
503.7885,9.724006,919.324
502.6231,9.883313,919.5781
501.0217,10.09252,920.0015
498.4051,10.42767,920.7587
496.7412,10.47025,921.2091
495.647795,10.44501,921.59224
495.1837,10.43286,921.7988
494.5001,10.28294,922.2654
493.9952,10.29957,922.6841
492.8606,10.33091,923.6608
489.1293,10.85833,927.2246
482.628,11.40551,933.395
479.7666,11.78848,936.1578
478.5362,11.87564,937.3169
477.1796,11.97633,938.5215
476.7868,11.99261,938.8932
476.419,11.96672,939.1636
475.92532,11.94639,939.433705
475.2182,11.93834,939.6613
474.4695,11.9404,939.835
473.369,11.96888,939.9026
472.3792,12.00826,939.8611
470.3474,12.02535,939.7072
468.2769648,12.18928,939.5724411
467.9791,12.06777,940.3171
467.677,12.10002,941.2037
467.401,12.03973,941.6621
467.0451,11.79299,941.9479
466.5107,11.83987,942.1614
466.2247,11.87654,942.2184
465.1485,12.00891,942.3152
464.3452209,12.08026,942.4868708
464.3513944,12.11732,943.0769269
496.9449,8.383771,964.3779
499.309245,8.299103,965.35652
504.0847,8.148157,966.6328
507.6461,8.004908,967.2974
511.1966,7.983252,967.4819
514.0204,7.738074,967.3553
519.67682,7.365833,967.032685
525.67936,6.910925,966.6398
542.69757,5.5219,965.4540442
542.178285,6.006543,956.60406
541.220595,6.421942,944.42778
541.142515,6.397229,943.52816
540.3969,5.996814,933.77146
539.50631,6.378156,922.52453
539.1725,6.695587,917.771895
538.705,6.979529,911.3977726
562.973265,4.898816,909.679705
575.26229,4.226959,908.8242
587.2967231,3.578394,907.9762075
588.2213138,3.665576,918.3152829
563.527515,4.54585,920.37011
559.1669,4.944153,920.7905
555.0624,5.281232,921.0006
551.8859,5.497375,921.2532
547.1877,5.865735,921.6038
538.8854778,6.378156,922.2324599
539.7649954,5.996814,933.5475632
536.0458,6.230927,933.7896
532.3256,6.670002,934.0701
530.7352,6.878308,934.2243
529.9705,6.958276,934.2516
529.2866,7.029224,934.2124
528.3769,7.117303,934.0236
527.5995,7.192255,933.751
526.4089,7.390784,933.3024
523.2131,7.730963,932.1382
521.04,7.793115,931.803
507.8486,9.215442,926.5866
505.4551,9.459491,925.7172
496.1668585,10.44501,921.9874034
496.1019,10.50975,921.0253
496.2243,10.64064,920.2938
496.6349,10.81359,919.2896
497.4355,10.93355,917.5527
497.8756,11.12572,916.5289
498.3282,11.3849,915.2598
498.6049,11.45272,914.1378
498.7086,11.56641,912.7919
498.6408,11.67996,911.4588
497.9727,11.87099,904.0244
497.5272196,12.13438,899.0935443
500.7505,11.79881,897.2519
502.41,11.75386,895.9967
503.5865,11.61746,894.5889
506.2733132,11.28712,890.4364566
507.439,11.14241,891.2588
507.8317,11.09343,891.6956
508.233145,11.05224,893.73085
509.497305,9.580853,913.228195
509.6315,9.520179,915.1151
509.7432,9.473224,915.9186
509.8423,9.419665,917.1108
509.8643,9.388659,917.9481
509.9216,9.383033,918.852
510.0244,9.374127,919.292
510.2065,9.358545,919.6999
510.619105,9.318469,920.306975
510.9708,9.288409,920.6585
511.3037,9.25946,920.8997
511.9993,9.192676,921.2646
512.8746,9.196118,921.6126
513.6179,9.064038,921.8034
514.1584,8.973078,921.8923
514.6237,8.898847,921.9225
515.2339,8.803308,921.9072
515.9225,8.700397,921.8044
516.5515,8.638135,921.6432
517.0975,8.599072,921.4484
517.78251,8.600781,921.103265
518.5914,8.571631,920.4431
519.0888,8.556354,919.9352
519.4026,8.499829,919.4665
519.7184,8.484332,918.9197
519.9473,8.485541,918.3279
520.0662,8.432233,917.749
520.1368,8.388965,917.2705
520.16,8.337745,916.5495
520.1599,8.25268,915.2744
520.1926,8.317462,914.282
520.2335,8.300397,914.0054
154
741.7333,0.6804932,941.1055
741.0062,0.7,940.8593
740.2566,0.7,940.890585
738.312,0.7,941.0254
727.916285,0.8,941.86661
726.77037,0.8,941.9507
718.2888,0.9,942.5536
715.901515,0.937439,942.69427
714.86,0.9697143,942.7939
714.0516867,0.9953247,943.30372
707.002075,1.034137,943.832795
705.806495,1.073993,943.928
702.7165906,1.1,944.1655122
700.8526,1.049884,921.625015
698.9379,1.013696,899.1741
703.5037,0.9571655,898.765
703.2142,0.942865,894.6
702.3682,0.9893921,884.3771
701.6932,1.1,874.471
703.4774,0.9963196,874.4289
706.800945,1,874.4009
709.752063,0.8736817,874.4766834
710.551039,0.9,874.7379366
712.35121,0.9,874.7996597
713.2037572,0.9,874.5901534
717.3222,0.8,874.8508
720.04161,0.8,875.14846
723.283,0.7950501,875.7238
726.7017,0.7,876.3552
727.292815,0.7,876.4676
731.193045,0.7,877.21048
732.3018,0.7,877.6335
733.0148,0.7,877.9435
733.8981,0.7,878.7023
734.4529,0.7,879.2839
734.7635,0.7,879.8117
735.0434,0.7,880.458
735.2081,0.7,881.0048
735.3456,0.7,881.5969
735.4718,0.695868,882.3063
735.5296,0.6940064,883.0635
735.6089937,0.693634,884.4869
735.6439498,0.6698853,885.2476507
735.6254,0.6710022,886.4677
736.0672,0.6572693,887.3231
736.0653,0.6561584,890.8068
736.1656,0.652826,892.7626
736.2549,0.6498474,894.9675
736.3234,0.6476257,895.5479
736.413835,0.6446595,896.272635
736.5912,0.6387207,897.4035
736.6785,0.6357483,898.1868
737.05661,0.6231384,902.99131
737.2925,0.7,906.643
737.9583,0.6930725,916.9166
738.0262,0.6908509,917.7419
738.138485,0.687146,918.606005
738.3824,0.6789795,920.3932
738.6041,0.6715576,922.8369
739.372195,0.7,933.63425
739.5505,0.6400146,936.0338
739.978855,0.7,941.223335
740.072455,0.7,942.044655
741.754505,0.7,964.13237
743.35759,0.8836853,986.583795
745.1144072,1.137128,1008.884978
733.20092,1.3,1009.63595
721.15059,1.3,1010.659
711.93028,1.4,1011.248
704.858715,1.5,1011.785
699.0566,1.5,1012.075
696.6666869,1.589026,1012.221952
695.0444052,1.3,990.6348793
697.377,1.3,990.4495
703.35658,1.2,990.152845
711.04034,1.170154,989.45358
719.482565,1.019812,988.822415
731.577975,0.9164612,987.72888
743.68067,0.8836853,986.85951
749.7513,0.8,986.369075
755.72235,0.7,986.04642
768.2942074,0.6,985.1233538
766.5759,0.6,962.335585
765.507205,0.6,948.187
764.8616,0.6,939.6752
763.135915,0.6,916.899065
761.17736,0.6,894.345575
760.9327,0.6,889.6266
760.9549,0.6,887.1219
761.0765,0.6,885.4401
761.232,0.6,883.8594
761.3191,0.6,882.963285
761.555285,0.6,881.423895
761.6747,0.6,880.6116
761.9084,0.6,879.289
762.05741,0.6,878.285935
762.5288,0.6,875.8734
763.0266,0.6,873.8951
763.6138,0.6,871.8293
764.2648,0.5464661,869.8271
765.0049,0.5800415,868.0884
765.5701,0.6123596,866.8039
766.7034,0.693689,864.3683
767.5558,0.7,862.639
768.152835,0.7,861.58493
769.1964,0.7,860.0047
771.3635,0.7,856.8683
772.4719,0.7,855.4025
773.233085,0.7283936,854.387615
773.9965,0.7597107,853.4537
775.3818,0.8,851.876
776.7595,0.8,850.4205
777.8067,0.7990174,849.2835
778.6967906,0.8,848.2808814
784.5432,0.7,854.0593
795.4091851,0.6,865.1044378
794.8331,0.6,865.7458
792.9816,0.6,867.7067
792.24331,0.6,868.50775
790.6647,0.6,870.5329
789.7234,0.6,871.7189
789.068605,0.6,872.71839
788.53283,0.6,873.697605
787.0181,0.6,877.2192
786.29465,0.6,878.932165
785.9755,0.6,879.9933
785.59,0.6,881.2999
785.430495,0.6,882.07233
785.3074,0.6,882.6647
785.0721,0.6,883.9073
784.9579,0.6,884.7847
784.76764,0.6,887.28336
784.7452,0.6,887.9604
784.7119,0.6,889.8964
784.86896,0.6,892.468195
785.759025,0.6,901.85879
786.7387,0.6,914.857615
787.128585,0.6459107,920.092095
788.05222,0.7,930.549595
788.597605,0.7,937.81187
789.5661,0.684845,951.5261
789.867365,0.6,955.64195
789.922335,0.6,956.20941
791.1743893,0.7,974.148631
799.566015,0.8622254,973.482105
809.75578,1.279059,972.557265
821.2317371,1.417371,971.8103375
819.94241,1.72984,953.7246
818.4539165,1.871533,935.2488932
807.287665,1.408594,936.122905
796.742345,0.9572388,936.832785
788.873415,0.7,937.49161
764.540995,0.6,939.398605
752.35008,0.6,940.268195
69
641.1842,2.129511,958.7594
642.6981,2.1,958.6613
642.0998,2.2,949.149
641.2872,2.225433,939.207
640.8152,2.233856,932.831
640.2711,2.169135,925.8249
638.623595,2.113367,925.965095
625.77914,2.441571,926.974605
613.7301519,2.832306,927.965482
615.584995,2.670593,951.121725
616.525575,2.4151,963.84376
616.964825,2.3,973.702
617.28818,2.294891,978.2255
618.135615,2.187225,984.984295
618.300995,2.181659,987.56115
618.83522,2.208521,996.324135
618.8909,2.232831,997.0544
619.547785,2.626831,1007.21975
620.11524,3.687103,1018.60155
621.084405,4.18161,1029.85705
622.0641,4.948663,1040.963
623.0694479,5.908929,1052.427862
648.13505,4.409363,1050.41905
649.8315,4.396277,1050.322
648.9799,3.29267,1039.146
669.4404,2.44939,1037.59
672.980045,2.431622,1037.324
673.6475015,2.426953,1037.264373
672.8032,1.988171,1025.717
671.9794,1.617065,1014.58405
670.254,1.4,992.248475
669.41909,1.477722,981.282785
668.62862,1.679541,969.684455
667.983295,1.7,962.1312
667.70479,1.684131,958.595535
667.4042,1.702093,954.1351
667.1594,1.747247,951.2475
666.869805,1.7,947.193265
665.14442,1.5,924.36595
664.054,1.65658,912.6196
663.93156,1.660663,911.401235
663.2629,1.826672,901.7584
662.4268,1.882941,901.808
652.5416,2.181671,902.5792
650.0704,2.338989,902.8597
638.3818,2.674561,903.8133
636.79,2.669415,903.9675
637.6693,2.3,915.4243
638.6489,2.113367,926.2641
639.249,2.288727,932.9108
639.7065,2.278119,939.3753
640.4523,2.253259,949.2332
641.1648,2.129511,958.46
641.6434,2.1,964.4615
642.1555,1.904504,971.8092
642.4895,1.9,977.1655
642.9348,1.8,983.2651
643.689,1.644537,993.9876
634.1271,1.963281,994.7867
619.4199084,2.208521,996.0035686
618.899795,2.181659,987.523655
618.732615,2.187225,984.9277
617.88508,2.294891,978.166795
617.563725,2.3,973.6672
617.1231421,2.4151,964.0121784
624.87673,2.3,962.551485
630.7438,2.251129,961.1823
631.804495,2.223358,960.951735
632.9731,2.193805,960.6733
225
459.8571767,14.68054374,1119.379974
460.91035,14.39324,1114.34925
461.4106,14.6703,1111.955
462.8569,14.65695,1104.809
463.2707,14.61264,1103.384
463.7282,14.51913,1102.26
464.2885,14.41068,1101.111
464.8405,14.36666,1100.111
465.5275,14.32453,1098.896
466.106,14.30181,1097.958
466.665085,14.26031,1096.97235
467.2242,14.21592,1096.047
468.0471,13.9236,1094.828
468.50841,14.1348,1094.0771
469.4232,14.06943,1092.329
470.189,13.9663,1090.655
470.6758,13.94808,1089.23
471.11185,14.03772,1087.72315
471.6319,13.95546,1085.995
472.0947,13.98956,1084.732
472.5608,14.01382,1083.559
472.850025,14.04643,1082.8306
473.2493,13.97778,1081.946
473.8288,13.87945,1080.955
474.6169,13.81721,1079.725
475.5655,13.87262,1078.221
476.2606,13.83499,1077.049
476.8515,13.72035,1075.968
477.5646,13.60212,1074.733
478.1416,13.50828,1073.649
478.5757,13.48644,1072.585
478.8307,13.48138,1071.723
478.9594,13.52608,1070.884
479.0273,13.43341,1069.572
478.9931,13.39094,1068.857
478.9243,13.35558,1068.208
478.799,13.36771,1067.462
478.6607,13.33873,1066.8785
478.3024,13.31848,1066.174
477.9743,13.29982,1065.562
477.8487,13.29751,1065.391
477.5693,13.29139,1065.018
476.8222,13.10314,1064.121
476.2957,13.04143,1063.633
475.7596,12.98721,1063.208
474.9801,12.92368,1062.717
473.8948,12.83047,1062.142
472.9415,12.72849,1061.819
471.972,12.6475,1061.603
470.891,12.46165,1061.419
470.1137,12.35447,1061.321
469.2313,12.22864,1061.157
468.1685,12.07532,1060.881
467.07516,12.10571,1060.53235
466.3285,12.02276,1060.238
465.6831,11.9415,1059.882
464.81464,11.87051,1059.3683
463.7054,11.66905,1058.459
463.4398,11.67773,1058.184
463.0779,11.68931,1057.815
462.4634,11.6982,1057.083
461.9961,11.66758,1056.287
461.4771,11.59551,1055.467
460.1436,11.57699,1053.06
459.8985,11.5425,1052.609
459.2956,11.32828,1051.5
458.336,11.0222,1049.87
456.9984,11.05541,1047.609
456.3874,11.04138,1046.655
455.5563,10.83837,1045.524
455.15616,10.80386,1044.7871
454.868,10.79581,1044.403
454.4594,10.791,1043.946
453.8681,10.72745,1043.299
452.5138,10.66587,1041.828
451.4415,10.74181,1040.838
450.7556,10.74014,1040.271
449.9829,10.7783,1039.622
449.30759,10.72188,1039.11245
448.3658,10.66009,1038.483
447.651,10.62065,1038.047
447.0509,10.67745,1037.654
446.4108,10.62817,1037.258
445.6272,10.57216,1036.793
444.4966,10.49661,1036.145
443.1481,10.3713,1035.429
442.5164,10.27482,1035.07
442.2396,10.23294,1034.912
441.4014,10.13984,1034.44
440.8631,10.13925,1034.08
440.4349,10.14714,1033.818
439.8713,10.14893,1033.408
439.3957,10.14369,1033.013
439.0228,10.13404,1032.664
438.7123,10.11771,1032.313
438.2336,10.28824,1031.752
437.7931,10.23079,1031.116
437.5375,10.18318,1030.645
437.15013,10.1082,1029.89355
436.9831,10.03669,1029.32
436.6204,9.86676,1027.882
436.4245,9.68194,1026.429
436.3919,9.595795,1024.989
436.5125,9.583551,1023.529
436.6632,9.508838,1022.661
436.859585,9.458277,1021.96205
437.0211,9.416389,1021.391
437.3876,9.333203,1020.438
437.8871,9.127728,1019.551
438.0196,9.112793,1019.36
438.77899,9.150891,1018.258
439.3192,9.079645,1018.192
439.7369,9.038465,1018.12
440.2257,8.993939,1017.966
440.8856,8.930488,1017.646
441.4563,8.875073,1017.315
442.0926,8.78183,1016.921
442.90545,8.673474,1016.43
443.6019,8.584418,1015.892
446.17392,8.269122,1013.87175
450.2968,8.096191,1010.448
451.0195,8.046473,1009.918
451.2730086,8.009363,1009.744147
454.9474,7.852551,1017.092
455.393,7.770209,1018.133
455.5627,7.771973,1018.695
455.6978,7.77569,1019.204
455.7522,7.96322,1019.702
455.772915,8.021924,1020.4318
455.7317,8.079669,1021.201
455.7138,8.190473,1022.84
455.8557717,8.875476,1030.123069
458.6091,8.882355,1030.173
464.7289812,8.832048866,1029.569173
465.8150933,8.827369,1029.13715
470.4452,8.907691,1028.724
474.6642,9.172363,1028.219
478.4268,8.710956,1028.023
481.3843472,8.178443,1027.790236
481.8896,8.321429,1029.703
482.3824,8.458527,1031.353
482.9204,8.630872,1032.92
483.5501,8.657123,1034.577
484.2251,8.732196,1035.958
485.4023,8.784388,1037.669
487.9417,8.792933,1040.26
489.8974,8.76709,1041.805
492.6167,8.871661,1043.27
495.4121,8.957099,1044.352
497.4088,8.788062,1044.587
499.3904011,8.482965,1044.32062
499.568,8.797455,1048.267
499.8182,8.792066,1049.098
500.22538,8.759833,1049.6919
501.0439,8.68324,1050.257
501.7443,8.628186,1050.335
512.600615,7.49563,1049.578
524.536495,7.169006,1048.65295
536.306225,6.991016,1047.587
548.72263,5.738684,1046.774
560.705075,6.136261,1045.806
572.6325899,7.900794,1044.779923
573.20591,8.677216,1051.7021
573.58451,9.08747,1055.86805
574.6626262,10.52853,1067.445754
581.204985,11.17975,1066.79505
599.539015,10.95912,1065.66095
624.3276295,7.151929,1063.72337
623.65307,5.908929,1052.1206
622.6617,4.948663,1040.91
621.682105,4.18161,1029.80505
620.6436526,3.687103,1018.24979
595.54274,5.279523,1019.84005
570.425516,5.06073,1021.890921
571.726245,6.441254,1033.39845
572.571227,7.900794,1044.190751
560.65508,6.136261,1045.208
548.3566415,5.738684,1046.198204
549.18281,7.268927,1057.6842
550.0847,8.559485,1068.424213
549.0912,8.502021,1068.356
547.4088,8.603314,1068.342
546.0594,8.739692,1068.385
544.028,8.966723,1068.525
541.9653,9.440119,1068.68
540.0602558,9.907837,1068.947687
539.3957024,9.988489,1069.030798
538.8956,10.05243,1068.95
538.4503,10.09301,1068.446
538.1832,10.10106,1067.899
537.6933,10.06493,1066.132
537.4902379,10.07119,1065.67
537.3371876,10.09966,1065.081
536.572793,6.991016,1046.97568
524.486195,7.169006,1048.05495
512.23428,7.49563,1049.006852
513.604905,9.554303,1071.84215
513.939015,9.639612,1076.82225
515.3600933,9,1093.829832
503.4138301,9.62533,1094.595588
502.2813,10.09425,1078.338
501.7158,10.12466,1076.746
500.9676701,10.40646,1063.616598
488.3739534,12.38624417,1063.914405
487.6050175,12.45668,1064.046222
488.6052,12.21481,1069.99
488.7026,12.06677,1071.461
488.7263,11.96844,1072.367
488.4927,11.89456,1073.377
488.1716,11.84827,1074.17
487.8203227,11.81248,1074.933179
487.4548,11.8626,1075.176
485.8852,11.73954,1078.204
484.7164,11.74916,1080.448
483.6477,11.6157,1082.495
482.3086,11.67415,1085.056
481.2655,11.71171,1087.051
480.2799113,11.6842,1089.278366
479.9987,11.67865,1090.023
479.3174,11.8262,1091.303
478.6651575,11.82244,1092.674788
479.097045,11.74033,1096.67335
479.2302,11.75663,1097.693
479.2515,11.7665,1098.324
479.707945,11.61507,1107.95665
