5
333
166.0323268,5.185336738,479.364248
167.96933,5.241853012,481.11904
171.3556,5.482214,482.0473
177.0005,6.202582,483.458
179.6336,6.158429,484.8088
180.6399,6.396015,486.3937
180.7006,6.582147,488.0756
177.9904,6.967487,493.2148
174.4851,7.442442306,499.4649
173.231085,7.651471407,500.50688
166.5311,7.724939,504.5011
164.1806,7.946027,506.6456
163.2487,8.204468,510.1059
164.393085,8.494849,513.106765
164.7222,8.466049186,513.947
165.0028947,8.78423486,516.0756334
165.3216,9.027576148,518.4925187
165.0089,9.011127,519.0112
164.4025,9.020746,519.8989
163.2061792,9.057032841,521.304182
162.7483,8.98783,520.9453
162.0917,8.849225,520.4518
161.5404,8.876947,520.1264
160.9318,8.90597,519.8367
160.3424,8.933215,519.5937
159.5654,8.968268,519.2921
158.6219,9.00664,519.0455
157.8682,9.034034,518.9427
157.181,9.05733,518.8991
156.5322,9.076337,518.9434
155.8577,9.10423,519.0606
155.0939,9.128723,519.2651
154.3717,9.1521,519.5535
153.5751,9.17807,519.8981
152.4402,9.241797,520.5068
151.5121,9.228198,521.0206
148.5459,9.237769,522.9318
147.2007,9.267694,523.8284
146.1226,9.316455,524.4879
145.26,9.354065,524.8359
144.3401,9.376251,525.1086
143.2342,9.400001,525.3412
142.1657,9.400001,525.4229
141.0173,9.400001,525.4932
139.7042,9.414899,525.6078
138.3237,9.450446,525.8954
137.0184,9.478724,526.3286
135.6969,9.50072,526.9742
133.9814,9.55423,527.9914
132.3078,9.630475,529.0459
130.781065,9.662989,530.014975
129.4736,9.672266,531.0422
128.3564,9.680371,531.6458
127.09641,9.740272,532.02789
125.7823,9.863245,532.1138
124.6631,9.902863,532.0724
122.7877,9.932746,531.9045
120.7277,10.01355,531.7221
119.0702,10.07231,531.5811
117.5511,10.07324,531.5528
116.4134,10.0887,531.6826
115.2731,10.11832,531.9126
114.4184,10.13652,532.1932
113.5635,10.13864,532.6293
112.6726,10.12087,533.1765
111.3066,10.08768,534.1781
109.3439,10.09034,535.6256
107.1436,10.1243,537.3342
104.942,10.19814,538.8538
103.2161,10.19643,539.8929
101.5907,10.1707,540.6538
100.3051,10.15341,541.1622
98.95273,10.14172,541.5032
97.71145,10.15584,541.6252
96.583147,10.11762,541.610825
95.7095,10.03984,541.5564
94.837,10.04452,541.4208
93.92547,10.05294,541.1863
93.17565,10.06801,540.7128
92.52835,10.06988,540.0145
91.95347,10.08725,538.9383
91.25777,10.12139,537.226
90.9017,10.1399,536.3145
90.46212,10.16098,535.2355
89.92062,10.17059,534.1547
89.4046585,10.26271,533.20804
88.6706,10.24589,532.2625
87.65926,10.2165,531.1295
86.34542,10.25232,529.7571
84.82135,10.28236,528.387
80.66647,9.985443,524.7514
76.39498,9.930285,521.1348
74.58327,10.04913,519.3664
73.38834,10.09877,518.1102
72.38754,10.07818,516.7117
71.63586,9.973114,515.2968
70.98857,10.01126,513.7619
70.57636,10.05499,512.506
70.26974,10.13699,510.8338
70.12846,10.12595,509.6499
70.19241,10.12818,508.5518
70.4075,10.13597,507.6675
70.92628,10.09061,506.7368
71.76447,9.962073,505.5845
73.10252,9.858337,504.0658
74.24554,9.804651,502.8072
75.28574,9.746264,501.7075
76.38711,9.708063,500.3763
77.25082,9.698291,499.2173
78.64695,9.661231,497.2888
79.53961,9.629132,495.9071
80.26705,9.56474,494.4746
80.78835,9.581812,493.0478
81.25255,9.675458,491.5616
81.58017,9.6,489.6988
81.71673,9.590772,488.4186
81.67078,9.558893,487.4626
81.533231,9.529187,486.681285
81.16427,9.494794,485.8355
80.63828,9.47735,484.7917
80.02016,9.456946,483.5743
78.97494,9.400001,481.8181
77.8888,9.386444,480.2796
76.40841,9.357215,478.1615
74.61596,9.257678,475.6079
73.15224,9.21637,473.526
72.14767,9.114753,471.8282
71.57523,8.875299,470.8017
70.92594,8.853406,469.4844
70.42083,8.836341,468.2386
69.85619,8.809253,466.6618
69.21500981,8.805743,464.8360175
68.59814185,8.80760817,463.965779
67.46866,8.817817,461.1901
66.60036,8.772662,458.5105
66.0549,8.889673,456.2097
65.60962,8.731262,454.2316
65.3202,8.869226,452.5481
65.06416,8.715381,450.7523
64.98623,8.687213,449.5177
64.92097638,8.577918,448.5707784
66.3353,8.667163,446.1632
67.93514,8.665405,443.5591
69.51623,8.618927,441.0332
70.69888,8.59491,439.0786
71.4363135,8.669232,437.797235
72.34489,8.722382,435.7676
73.22778,8.696174,433.3033
73.84632,8.582593,431.6042
74.53762,8.579309,430.1249
75.16057,8.482917,429.0232
75.94353,8.459582,427.8294
76.90428,8.35155,426.7712
78.18265,8.3,425.4543
79.23644,8.267914,424.338
80.03184,8.241943,423.3783
80.76641,8.217829,422.2963
81.35464,8.198529,421.355
83.126492,8.018592,418.166975
85.600176,7.814307,413.532735
87.19381,7.683814,410.4568
88.307201,7.5706,408.295915
90.51208,7.480536,404.0293
91.405407,7.391486,402.199495
92.27924,7.277551,399.7721
92.7739645,7.080335,397.733335
93.01477,6.912604,396.0909
93.08269,6.817822,394.2444
93.06033,6.872107,392.4784
92.9933265,6.781738,391.084455
93.01574,6.663757,388.639
93.13737,6.596313,386.9134
93.26974,6.499261,385.5363
93.46795,6.406873,384.2041
93.7559785,6.275305,382.72418
94.25018,6.076984,380.9137
94.6867,6.106567,379.606
95.795868,6.035254,377.03376
96.84534,5.982379,375.2187
98.19425,5.689716,373.1422
99.50202,5.464344,371.3964
101.0098,5.142796449,369.8018
103.3867966,4.307390286,367.6084729
104.7723,4.333397658,366.4072
106.8294,4.305434098,364.9216
108.2507969,4.328530777,363.9501927
109.5984,4.652567859,362.9314
110.4117,4.842052717,362.3416
111.1258,4.960860399,361.843
111.7376,5.041408926,361.4714
112.4336,5.012403586,361.0676
113.1346,4.959844918,360.6809
113.926895,4.910917548,360.30647
114.6819,4.888050577,360.022
116.43883,4.738827488,359.39126
117.90985,4.592113391,358.917495
119.2351,4.51098,358.5559
120.8647,4.415163031,358.0916
122.3273,4.337238,357.6413
123.5124,4.272272,357.2643
124.4944,4.197809,357.0141
125.1916,4.144971,356.8328
125.8609,4.093817,356.6827
126.6558,4.130115,356.5869
127.4005,4.100202,356.5178
128.3383,4.065857,356.476045
129.1632,4.042157,356.5574
129.8746,4.027215,356.7015
130.4404,4.024945,356.9546
131.1753,4.023688,357.2942
132.1491,4.011341,357.9078
134.7355,3.989423,359.8386
136.7464,3.786548,361.407
138.4749,3.685425,362.7844
139.183,3.669342,363.2741
140.1069,3.597235,363.8563
141.466,3.506842,364.6348
143.5146,3.405646,365.6788
144.8773,3.143073,366.2751
146.3677,3.155957,366.8542
147.3821,3.04198,367.2055
148.5855,2.8802,367.6647
149.7825,2.719898,368.1816
150.77357,2.767639,368.602715
152.5401,2.738428,369.4518
153.8544,2.659009,370.1198
154.7382,2.604382,370.6426
155.37036,2.569757,371.08179
155.6468,2.5633,371.4353
155.8643,2.536792,371.782
156.0455,2.542999,372.2636
156.1491,2.520734,372.843
156.404575,2.469525,374.91548
156.6935,2.411639,377.5764
156.9149,2.344666,379.7219
156.882,2.3966,380.9727
156.739855,2.505139,381.918695
156.4331,2.514056,383.1844
156.1327,2.554504,384.4183
155.8197,2.701025,385.6864
155.6711,2.613727,386.4651
155.47,2.795764,387.991085
155.6456,2.752875,388.8928
155.9363,2.772907,389.7138
156.3707,2.771838,390.6074
156.739,2.810199,391.2196
157.4046,2.836237621,392.0156
158.0754,2.836188621,392.6855
159.511445,2.906982,393.844705
160.7811,2.839587,394.4498
161.5346,2.81604,394.9177
162.0833,2.622174,395.4004
162.4548,2.528552,395.8971
162.7821,2.522705,396.4193
163.014,2.534815,397.2372
163.3057,2.56023,398.3677
163.9762,2.812286,400.4383
164.8555,2.881922,403.0334
165.6124,2.811652,405.3901
166.1003,2.889447,406.8152
166.3978,2.964423,407.955
166.7749,2.931177,409.3524
166.9274,2.910394,410.1088
167.0573,2.892584,410.8274
167.1336,3.075183,412.0768
167.0894,3.119781,413.306
167.0256,3.236493,414.1888
166.7286,3.348456,415.6988
166.3726,3.385645,417.1845
166.0157,3.352338,418.8994
165.6934,3.351325,420.3983
165.3801,3.418402,421.795
165.1113,3.423718,423.4317
164.92169,3.36665,424.66908
164.64129,3.366065,427.67422
164.3402,3.36814,431.2165
164.1727,3.516638,434.3814
164.128,3.382941,436.2703
164.1395,3.381458,437.1734
164.2088,3.372553,437.8172
164.311805,3.529596,438.392655
164.5347,3.517719,438.8958
165.2685,3.509308,439.864
166.1396,3.454169,440.7738
167.2175,3.479938,441.6549
168.5147,3.508313,442.4299
170.2013,3.509223,443.2801
172.9956,3.399231,444.5148
174.3812,3.328906,445.2217
175.3964,3.300299,445.8194
176.12704,3.294727,446.471485
176.5567,3.301166,446.9901
176.9657,3.331891,447.7433
177.2139,3.377234,448.4971
177.342,3.450415,449.6174
177.3754,3.512616,451.6941
177.5249,3.546454,453.0389
177.8197,3.593695,454.0211
178.2558,3.606165,454.8542
178.7663,3.611249,455.5274
179.4801,3.61012,456.2055
180.4808,3.620105,456.9013
181.7634,3.623065,457.5881
183.1198,3.673071,458.1764
184.5216,3.618274,458.5506
185.5881,3.566748,458.7368
186.5121702,3.470581,458.8385976
186.4643,3.515479,459.2243
186.2802,3.565045,459.9131
185.9467,3.606201,460.4948
185.5675,3.548254,460.8814
184.766,3.628406,461.611
183.3411,3.790295,462.579
182.0275,3.918921,463.3225
180.3689,3.999457,463.7013
179.6453,4.073004,463.6452
178.5989,4.113507,463.7013
176.1499,4.117969,462.9297
174.725,4.124786,462.5229
173.7002,4.155933,462.4122
172.017,4.210419,462.39269
171.5219,4.235193,462.5984
170.6143,4.221424,462.975
170.3179,4.237751,463.1006
169.0468,4.320129,464.012
167.9955,4.411157,465.2042
166.8851,4.496069,466.875
166.2537,4.550604,468.1906
165.8964,4.562103,469.3218
165.4772,4.635553,471.1834
165.3415,4.798511,473.7208
165.2748,5.06488,476.5377
165.5487,5.134369,478.1455
288
158.8927,4.841589,590.1732
158.8454,4.851441809,589.7757
158.6583,4.786072,588.8978
158.3004,4.737622,588.0565
157.76,4.774231,587.2859
157.0179,4.809766,586.6313
156.1033,4.917969,586.0189
155.1259,4.946954,585.5688
154.18535,4.970331,585.216005
153.2364,4.995581,584.8408
151.4125,5.226369921,584.0233
150.607,5.286692197,583.8228
149.8512,5.261211223,583.8229
149.1543,5.227747216,584.0103
148.4255,5.175438114,584.3942
147.638,5.16543,585.0748
146.193,5.120917,586.6696
144.7066,5.137311,588.3471
143.3551,5.109662,589.6765
142.673,5.155591526,590.1782
142.1344,5.176026526,590.4432
141.8858058,5.173358,590.3683707
141.8569871,5.210523,590.1401561
144.1742,5.28988,586.1594
146.6372,5.607507,581.5671
147.2635,5.69079,580.313
147.9771,5.784979,578.8939
148.9569,5.923059,576.8596
150.9402,6.234808,572.8298
152.2787,6.471259,569.808
153.3688,6.681494,567.3831
154.0009,6.732361,566.0136
154.6253,6.774976,564.749
155.2195,6.950714,563.4069
155.6165,7.015247,562.4199
156.0199,7.102216,561.1074
156.4759,7.177032,559.7059
156.8078,7.202637,558.6599
157.1037,7.301538,557.887
157.3936,7.36446,557.1813
157.7345,7.412537,556.6214
158.1686,7.450263,556.1265
158.9223,7.490582,555.4803
159.8425,7.558002,554.709
160.0881,7.571045,554.5949
160.6505,7.608917,554.2125
161.9823,7.693085,553.3661
163.2586,7.787073,552.4124
164.3262,7.853113,551.4677
165.3468,7.927387,550.3674
166.5808,8.041992,548.8125
168.1092,8.246796,546.7601
170.0716,8.502375,544.0764
172.4117,8.758575,540.6921
172.9991,8.769244,539.8232
173.4286,8.808222,539.0327
173.7048,8.840607,538.2562
173.7556,8.865003,537.4914
173.6343,8.807709,536.7404
173.3514,8.831555,535.9807
172.9478,8.855878,535.2061
170.4532,8.947431,531.6694
168.6263,9.123858,528.8792
168.266,9.195734,528.0196
168.1338,9.125684,527.2623
168.1779,9.156549,526.3767
168.2728052,9.187879,525.7073704
168.8954,9.2,525.7173016
170.0008,9.2,525.5361
170.9325,9.291883,525.223
171.866,9.199414,524.6716
172.8869,9.195849,523.7618
174.0668,9.198138,522.5135
175.337,9.230506,521.3585
176.0724,9.252479,520.7167
176.9231,9.271179,520.1805
177.7979,9.262232,519.8184
178.9128,9.236078,519.4741
180.0012,9.395789,519.2083
181.437,9.279169,518.7983
182.8366,9.356415,518.3328
184.2536,9.386017,517.8406
185.431,9.467066,517.4166
186.2735,9.606421,517.0579
187.0315,9.655402,516.667
187.7009,9.745557,516.2308
188.5044,9.804486,515.6177
189.2254,9.798944,515.0113
189.8231,9.818237,514.3603
190.6978,9.847186,513.3287
191.4429,9.858264,512.3801
191.8155,9.835779,511.9062
192.7577,9.745935,510.6908
193.6024,9.778742,509.709
194.2946,9.779853,509.0276
195.0231,9.794123,508.4388
195.7312,9.738098,507.9239
196.6231,9.752997,507.4639
197.4677,9.680402,507.1368
198.4399,9.730847,506.82
199.3144,9.702789,506.6137
200.0304,9.682215,506.4629
200.6765,9.672864,506.3961
201.4665,9.687037,506.3963
202.5999,9.732734,506.4518
203.7592,9.786658,506.5632
204.9904,9.768054,506.703
206.1963,9.823932,506.8563
207.1861,9.861396,507.0227
208.0388,9.850696,507.2017
208.7647,9.784339,507.4065
209.3099,9.759778,507.604
209.8611,9.741943,507.9053
210.3413,9.733996,508.2743
210.9583,9.730975,508.8472
211.5207,9.734473,509.4606
213.6673,9.579432,512.0536
215.7703,9.496448,514.5916
216.7902,9.445007,515.8629
217.406675,9.447827,516.67883
217.6788,9.470581,517.1174
217.9917,9.507959,517.7018
218.2645,9.556897,518.335
218.7683,9.624774,519.5197
219.3963,9.586139,520.8202
219.9128,9.549189,521.8107
220.6228,9.675891,523.0881
221.2045,9.671851,523.893
221.9588,9.64007,524.5132
222.9475,9.580054,525.0557
224.5028,9.585443,525.6667
226.6381,9.477393,526.4275
228.6655,9.464111,527.0627
230.566255,9.482856,527.55589
231.2288,9.409571,527.7256
233.789,9.403693,528.3149
235.5542,9.30766,528.7455
236.4856,9.254981,529.1054
237.2123,9.153613,529.5632
238.0697,9.031903,530.3478
238.6941,9.058978,531.5693
239.3974,8.953028,533.3005
240.4344,8.9094,536.4332
241.4471,8.941004,538.7449
242.4637,8.977521,540.6235
243.4302,8.895831,541.9569
244.5489,8.828644,543.2543
246.1223,8.945544,545.1531
247.3836,8.987018,546.8961
248.2025,8.984131,548.0815
248.5126,8.986621,548.5839
248.8824,8.988129,549.1208
249.2151,9.012897,549.624
249.6149175,9.065723907,550.1547204
249.8545,9.134778,550.6642
249.9992,9.185779,551.1552
250.3555,9.202527,551.548
250.8564,9.148841611,551.8146
251.5243,9.06618,552.0109
252.0565698,8.979224,552.0857956
253.1286,9.025409,553.9228
253.6564,9.039703,554.675
254.5503,9.051185,555.5851
255.447695,8.995776,556.30989
256.2335,8.962061,556.8615
256.5861,8.946338,557.0694
256.9359,8.930158,557.2602
257.8701,8.883063,557.6998
258.6597,8.9318,558.0268
259.3205,8.993445,558.2809
259.9536,9.025245,558.5229
260.6632,9.053296,558.7421
261.672,9.01355,558.9169
263.6747,8.890521,559.0157
265.426,8.929743,559.1282
266.8667,8.934424,559.1564
267.8584,8.884833,559.1958
268.5084,8.887641,559.3804
268.9948,8.896759,559.5673
269.6819,8.916407,559.8834
270.4862,8.926196,560.2999
272.1265,8.934204,561.1797
273.202,8.91225,561.8365
274.7951,8.791186,562.7491
276.2423,8.871137,563.6047
276.9638,8.91482,564.0104
277.6944,8.824256,564.4636
278.4395,8.76615,565.0076
278.9691,8.783954,565.5153
279.442,8.822296,566.071
279.7039,8.848487,566.4409
279.8595,8.869056,566.7082
279.9624,8.893366,567.0126
280.0131,8.841059,567.458
280.045,8.865021,567.8244
280.0347,8.947125,569.0172
279.7575,8.9508,571.4747
279.4571,8.960925,573.9565
279.3239,9.011688,575.0753
279.1781,9.043116,576.0674
279.1324,9.049054,577.0383
279.0542,9.06958,579.1115
279.1222,9.062903,580.3175
279.2568,9.049548,581.3932
279.3279,9.042865,581.9946
279.5136,9.015302,582.5982
279.973245,9.005695116,584.02464
280.9534,8.931818116,586.7615
281.3178,8.85835,587.7347
281.6322,9.027924,588.8256
281.7386,9.055511,589.7208
281.8039,9.076301,590.4536
281.7705,9.095581,591.1518
281.7598,9.076789,591.718
281.7039843,9.063209,592.0930303
281.5903,9.012476,592.2812
281.2916,9.003601,592.5515
281.0139,8.996411,592.7942
280.6346,8.989758,593.0807
280.0703,8.980817,593.4924
278.0226,9.00697,594.4684
275.8827,9.04408,595.4937
274.5172,8.986426,596.1848
273.7963,8.983619,596.5887
273.2107,8.981397,597.0021
272.8378,8.94914,597.3622
272.5930026,8.93617,597.747838
271.9227,8.92027,597.9616
271.4578,8.90998,598.1188
271.0572,8.899695,598.2823
270.6832,8.886603,598.4767
268.9065,8.87013,599.2378
265.0946,8.841944,600.3408
262.05806,8.748774,601.06944
240.124955,8.082282,606.751355
224.979995,6.930609,610.84588
213.28269,6.276447,613.74883
201.483945,5.911096,616.58211
195.365565,5.513055,618.02861
172.7243,4.707672,623.9897
171.9765,4.71048,624.0646
171.1583,4.709546,624.039
170.647835,4.686548,623.89309
170.0728,4.6,623.6393
169.6859,4.6,623.3632
168.3342,4.6,622.1728
166.6617,4.653021,620.386
166.2292,4.726117,619.9274
165.7818,4.790045,619.5331
165.2014,4.856525,619.1976
164.5884,4.824719,618.9702
163.9048,4.773071,618.8236
162.997,4.698334,618.6682
161.9736,4.525989,618.5
160.9469,4.568555,618.3192
160.318,4.604541,618.1688
159.6927,4.647101,617.9925
157.8979,4.613922,617.3503
156.996,4.632117,616.9899
156.0995,4.467273,616.5994
154.8372,4.471295,616.0413
153.8507,4.488928,615.5441
153.3808,4.51084,615.2548
153.0479,4.541516,614.9748
152.7384,4.273517,614.6375
152.4955,4.333289,614.2006
152.2995,4.40047,613.7607
152.1991,4.47821,613.3386
152.1249,4.571613,612.8452
152.093,4.676581,612.3181
152.0818,4.776471,611.6965
152.1472,4.764698,611.0276
152.2133,4.755725,610.4311
152.3003,4.749524,609.8132
152.4095,4.750311,609.2916
152.5111,4.635529,608.8215
152.5921,4.67605,608.3101
152.6363,4.717908,607.7521
153.0251,4.9172,604.8965
153.1412,4.912946,604.3105
153.304,4.896765,603.8201
153.5741,4.915656,602.9265
153.9771673,4.9305,601.8745251
154.2686616,4.93421,601.0965284
154.9384,4.947071,599.2756
155.1598,4.930304,598.7935
158.6894,4.93667,591.231
158.8668,4.854132,590.6875
277
181.6286968,5.5,694.0814801
170.365788,5.5,694.9267005
168.723795,5.098242,668.98057
167.2357524,4.9,642.5120275
155.050225,4.7,643.26751
143.204385,4.54353,643.884795
131.28409,4.494055,644.572005
127.3998088,4.453447474,644.7562169
127.6336,4.48189117,643.1306
127.8545,4.514748382,641.7668
128.1988,4.551997381,639.8636
128.5656,4.561360425,638.0011
128.8436,4.568925519,636.6281
129.1551,4.549664027,635.1279
129.463,4.536609261,633.64306
129.9413,4.47693706,631.863
130.307835,4.433031002,630.519375
130.4844,4.423469131,629.8937
131.0171,4.341504697,628.1734
131.382,4.299631826,627.1007
131.7248,4.25453695,626.1533
132.1896,4.210903929,624.9539
132.8555,4.182656675,623.3598
133.3301,4.193201636,622.2747
133.8746,4.214792563,621.1686
134.5539,4.242745483,619.6953
135.3406,4.258255366,618.0616
136.1932,4.291304747,616.4572
137.1272,4.232011529,614.804
137.8241,4.200229529,613.5352
141.1973,4.259325663,607.994
145.6616,4.474249,600.3625
148.5446,4.749107486,595.5795
151.5963313,4.89339258,590.6044091
152.6554617,5.541230947,588.8942887
153.1457848,5.786249288,588.0339539
153.7688798,6.172239725,586.9364498
154.4280103,6.433682941,585.6128553
155.7980325,6.686256706,582.9483926
156.4180937,6.755809613,581.6933598
157.172455,6.870796676,579.8728835
157.9015691,6.96159068,578.0657014
158.4289691,6.99143551,576.4680014
158.9215691,6.984281246,574.7045014
159.3787691,6.987829227,572.8918014
159.9694691,7.015143793,570.5884014
160.2498907,6.97905602,568.6854512
160.4866882,6.947268633,567.2318181
160.6428039,6.864610641,565.9644748
160.7865013,6.719445089,564.7122825
161.0029707,6.345610655,563.2019188
161.1510496,5.767855361,561.1703439
161.1814219,5.31469726,559.4751027
161.2138976,5.060105867,557.4630378
161.168317,5.059420586,552.4747925
161.8653141,5.142409325,512.8496704
161.9452145,5.142409325,506.7329712
162.0395383,5.442417145,502.2053833
162.1387435,6.230983734,495.8178
162.2194924,6.457416,492.52881
162.2221,6.677368,487.7275
162.1587,6.339496,483.17199
162.1152077,6.095348835,478.2381897
162.4137536,4.730225086,442.5793152
162.546,4.686926,440.0128
162.6351,3.661981,436.362175
162.6574,3.665595,434.6374
162.8213772,3.632281174,425.439209
162.848927,3.649225,422.7511985
162.6802,3.694965,416.9412
162.5912,3.657764,412.9987
162.4019,3.553082,409.6456
162.235,3.575342,408.3549
162.1125,3.566797,407.4289
162.0123,3.571405,406.9659
161.8108,3.657843,406.3893
161.6004,3.628516,405.8856
160.5318,3.775909,403.8092
159.4297,4.060089,402.0694
158.1161,4.117157,400.2877
157.0141,4.029809,398.9548
155.7673,4.095294,397.7202
154.476,4.117792,396.6539
153.0288,4.16781,395.6858
151.4926,4.070575,394.83
149.6225,4.057007,394.0022
147.9861,4.275196,393.427
146.7059,4.444074,393.1043
139.9711,5.050043,391.7854
131.6109,5.827259,389.9896
130.1527,5.909039,389.5266
128.7834,5.97179,388.9373
127.3252,5.99281,388.1096
126.0339,6.005927,387.2116
124.9986,5.935047,386.3277
119.531409,6.010095,380.8255486
117.4187,5.891785,377.807
110.7179,5.599066,369.4036
107.3349575,5.593380928,365.0846322
105.5936963,5.593380928,363.0559048
104.9544,5.603158886,361.9275
104.7251,5.602312574,361.3045
104.636,5.597175051,360.6142
104.6271,5.593653309,359.8805
104.6939,5.511871,359.1649
105.0167,5.463068,358.2248
105.462,5.458154,357.4812
106.0075,5.429504,356.8498
106.7422,5.36181,356.2886
109.425,5.060696209,354.8154
111.6959,4.743943165,353.5106
112.9427,4.610736,354.8575
114.4678,4.581165,356.4851
115.6991707,4.704728137,358.1780726
116.1821216,4.729614,358.8420666
114.4763,4.885655354,359.4583
113.672705,4.916174,359.763035
112.8621,4.982233,360.1463
112.1382,4.993599892,360.5454
111.4315,5.021062038,360.9843712
110.7966,4.94890752,361.3414
110.0636,4.817096881,361.8529
109.2515,4.63698101,362.4417
107.8624735,4.30250597,363.4580241
106.4557952,4.30250597,364.4810195
104.1938089,4.30250597,365.9714249
102.8925232,4.30250597,367.1263696
100.5661892,5.114957333,369.3578955
99.04324,5.464344,371.0097
97.70162,5.689716,372.7996
96.33437,5.982379,374.9042
95.246472,6.035254,376.793045
94.12926,6.106567,379.384
93.67522,6.076984,380.7421
93.167532,6.275305,382.60742
92.87671,6.406873,384.1019
92.67416,6.499261,385.4636
92.53937,6.596313,386.8645
92.4161,6.663757,388.6184
92.36745638,6.795573459,390.8081279
90.82831,6.844824,390.7992
89.54842,6.890674,390.5224
88.40493,6.927417,389.8948
87.05545,6.819019,388.5479
86.06777,6.721509,386.3388
85.83579,6.666534,384.5358
86.11416,6.598065,383.1114
86.98311,6.530365,380.4625
87.64434,6.4,379.2928
88.61439,6.404108,377.6064
89.47803,6.32605,375.9946
90.17694,6.176526,374.46
90.57745,6.18714,373.3205
90.8275,6.122345,372.2054
91.03952,6.076813,371.1507
91.24698,6.069763,370.1438
91.5563,6.059003,369.2011
91.94462,6.105011,368.4765
95.03015724,5.88817019,364.4627998
95.69030872,5.897319306,363.7261656
96.24474,5.829760821,363.1075
97.09078,5.742438,362.3639
97.7587,5.707544,361.985
98.37095,5.679657,361.8170309
99.02773,5.592410627,361.7886
99.65112,5.596228644,361.985
100.2170587,5.608473493,362.2710167
101.9121426,5.604632433,363.5636326
103.1125,5.593380451,365.0055
103.8313657,5.593380451,365.7286521
105.0734662,5.593380451,367.1242635
113.2469,5.955566,376.9095
117.790125,6.104267,382.34091
122.6696,6.03819,388.0834
124.835,6.102197,390.332
127.16487,6.057086,392.406675
131.0361,5.844251,395.0948
131.3224,5.822773,395.2855
134.0672,5.707397,397.0135
137.858,5.389752,398.797
141.6675,5.102375,400.273
147.019,4.502777,402.5867
149.7015,4.59187,403.5853
150.3349,4.6,403.9369
152.7695,4.6,406.1704
154.7097,4.6,408.296
155.6426,4.6,409.5404
157.2322,4.317816,411.7361
157.9135,4.097467,412.9974
158.5202,4.122705,414.5042
159.4286,3.973712,417.0815
160.6219,3.795209,421.2188
160.8991,3.776727,422.3286
160.9175809,3.767822,422.6992999
160.9191508,3.759656,423.1064986
161.026,3.748523,423.8359
161.1127,3.74259,424.6453
161.1669,3.738879,425.2399
161.2114,3.653857,428.8138
161.2448,3.733685,431.7411
161.178095,3.69032,436.477445
161.0889,4.722034,440.1985
161.1536921,4.717976093,442.7520452
160.6304229,6.215980053,476.9547804
160.4767,6.473651,483.32446
160.4976684,6.89397,488.218695
160.5415859,6.457416058,492.5200195
160.4314945,6.230983734,495.8441467
160.3465448,5.443268776,502.18
160.2385119,5.142409325,506.7329712
160.2512973,5.142409325,512.8496704
159.4747836,5.059420586,552.4747406
159.5210997,5.059420586,555.428254
159.5256251,5.059420109,557.469078
159.3952957,5.315504074,559.5354691
159.3482046,5.870309353,561.5865226
159.2869496,6.322213173,563.0027466
159.121709,6.676609516,564.4920654
159.0280942,6.850735664,565.6705322
158.8381938,6.933169842,566.9838867
158.6799019,6.966657639,568.3168335
158.3297145,6.984065715,570.1642252
157.8384243,6.986831665,572.4334946
157.3195112,6.979682922,574.254756
156.8093071,6.987003326,575.9545793
156.3069088,6.95453167,577.4899971
155.5429868,6.855568886,579.3845456
154.94072,6.757394314,580.8307989
154.3995012,6.703561783,582.0385142
152.9610299,6.421977249,585.020691
151.2165803,5.529815197,588.053148
150.1626378,4.888517291,589.7851391
146.7715,4.754358,595.2861
144.18799,4.434699,599.537845
139.600265,4.318927,607.29719
137.4532,4.305103,610.998
136.62,4.266699,612.3278
135.6703,4.317798,613.9326
134.6224,4.352136,615.787
134.197,4.32984,616.5487
133.828,4.307575,617.2531
133.1149,4.288281,618.601
132.5663,4.289112,619.6731
132.1067,4.287281,620.6477
131.7713,4.269525,621.3943
131.1791,4.260284,622.718
130.6183,4.253534,624.1031
130.0262,4.332196,625.7358
129.54663,4.387091,627.085015
129.3471,4.462532,627.6575
128.8554,4.642899,629.0097
127.8969,5.121403,631.9587
127.325485,5.470075,633.738675
127.001,5.323464,634.9231
126.6428,5.178939,636.4318
126.2852,5.010788,638.1078
125.9168,4.815231,640.0488
125.6374,4.559117,641.6684
125.4357,4.454303,643.0667
125.20083,4.381653,645.12437
125.0111,4.375342,647.1914
124.9215,4.372375,648.8149
124.865605,4.37052,650.741335
124.8099,4.368671,653.0063
124.8545,4.370154,654.8528
124.9103,4.372003,656.6363
125.0106,4.3,659.3602
125.1554,4.3,662.2392
125.3003,4.3,664.5557
125.4673,4.390558,667.1796
125.7864517,4.4,671.6891293
127.640735,4.4,671.597175
132.798395,4.4,671.344415
144.663395,4.5,670.601095
156.662835,4.8,669.9279
168.442775,5.098242,669.29661
180.1250885,5.2,668.5653585
348
63.6279932,8.11132431,194.7672949
64.75463012,8.11132431,207.6126093
67.25039233,8.11132431,235.7755257
69.72227789,8.11132431,263.9420205
72.17566214,8.11132431,292.1098602
74.22809165,8.109099953,315.4635781
74.4061572,8.031419926,318.0391194
74.62642964,7.956887881,320.27685
74.80406491,7.877677917,322.1989013
75.07832025,7.773458004,323.9906236
75.44726465,7.640787125,325.882475
75.91195507,7.517920971,327.6471599
76.47813396,7.357342243,329.4144549
77.23357774,7.150230408,331.2133749
78.04566138,6.978455544,332.9684879
78.96918187,6.79611063,334.625153
80.14953359,6.598251343,336.4590757
81.44407533,6.403757572,338.2023221
82.86837869,6.245198727,339.9230496
84.29245952,6.130262852,341.4913945
85.16962769,6.064578533,342.5258259
86.94736034,5.903047562,344.6131737
88.50317819,5.803999901,346.7997843
89.67674744,5.640217304,348.6314735
91.49833357,5.58096838,351.3802226
92.35959192,5.58096838,352.4582869
93.58773522,5.640217304,354.0151674
95.49547768,5.640217781,356.5221404
98.42146998,5.593379974,359.6405219
100.5241754,5.593379974,361.6632626
103.5190834,5.593380451,364.6407984
104.211807,5.593380451,365.3770123
105.4733356,5.593380451,366.7751715
108.8926012,5.743703365,370.8195408
113.7071,5.955566,376.5245
118.248925,6.104267,381.954115
123.1197,6.03819,387.6867
125.2511,6.102197,389.8997
127.535575,6.057086,391.936375
131.3777,5.844251,394.6016
131.6434,5.822773,394.7785
134.3512,5.707397,396.485
138.0944,5.389752,398.2455
141.8969,5.102375,399.7186
147.2477,4.502777,402.032
150.0077649,4.598583608,403.0635981
151.5926077,4.571781843,403.7516553
154.94217,4.481262,405.020485
158.4076,4.546832,406.5904
162.321,4.432454764,408.0675
164.9074,4.226544,408.5373
167.13,3.931177,408.9877
168.6601,3.798108,409.3536
173.3878,3.271948,410.4612
176.55614,2.886115,411.11963
178.4307,2.536969,411.5275
180.1446,2.197565,411.9229
183.8876,1.774713,412.9619
187.5517,1.70611,413.9444
190.5809,1.735577,414.8287
191.6057,1.744458,415.0954
194.361,1.771582,415.9109
196.6261,1.845319,416.6421
198.5460526,2.105477333,417.3274519
201.5329,2.534088,418.3988
203.6195,2.722247,419.1262
209.073155,3.186432,420.94969
212.5453,3.260432,422.0998
216.208,3.152725,423.3065
218.6766,3.040285,424.1334
223.850805,2.799762,425.76008
229.6632,2.803961,427.4128
233.834,2.792004,428.5201
235.15,2.806464,428.8547
236.243,2.821429,429.0772
238.5222,2.778467,429.5256
239.5633,2.749292,429.7054
241.8993,2.720526,429.9705
244.1495,2.618457,430.1101
245.8737,2.508301,430.1938
247.9191,2.27475,430.1659
249.3621,2.267053,430.0819
251.5757,2.113757,429.9978
253.7142,2.110706,429.8582
255.1807,2.082532,429.6914
256.4326,1.978284,429.4977
258.6576,1.745154,429.0234
261.156765,1.355371,428.379435
262.3917,1.395609,428.085
263.8549,1.436332,427.6797
264.9602,1.498719,427.3594
266.4011,1.577561,426.8845
268.0359,1.537124,426.3238
269.3018,1.491808,425.89
271.3508,1.461613,425.1462
272.6053,1.459546,424.7265
274.3707,1.485196,424.0408
276.9492,1.361797,423.0561
281.3161,1.481998,421.5679
286.0124,1.598963,419.9409
292.2105719,1.245180607,417.7932202
292.4850168,1.254085541,417.7049961
298.1967,0.8011231,415.551465
306.215,0.7626221,412.6461
313.0291,0.7190735,410.2605
313.8024,0.7356934,409.982
314.171975,0.7431335,409.831775
315.6176,0.7,409.3466
316.8873,0.7,408.9395
318.593,0.678888,408.3775
321.601555,0.7374759014,407.450635
326.5848,1.233676,406.2671
329.457895,1.459719546,405.593395
331.6475,1.478381208,405.1568
334.596185,1.660094131,404.539725
337.4980468,1.631352186,403.9051427
339.434235,1.571027739,403.488145
342.163434,1.568182533,402.6867568
347.035555,1.4845596,401.298355
350.7712663,1.364255071,400.5459209
355.6327325,1.330895185,399.4711484
360.8666172,1.362829089,398.4315553
362.7507173,1.05403161,398.0203532
366.8948,0.3,397.18708
380.27801,0.2,394.703205
383.3958,0.2,394.2569
384.8818,0.2,394.0153
386.4128,0.2,393.6529
388.2517,0.2,393.1427
389.8106,0.2,392.4543
391.1917,0.2,391.75
392.5152,0.2,390.8952
393.8398,0.2,389.8745
395.1782,0.2,388.6022
396.5727,0.2,387.0536
397.2928,0.2,386.2399
397.66188,0.2,385.821055
398.039,0.2,385.3731
398.3666,0.2,384.9041
399.07559,0.2,384.09518
399.6228,0.2,383.5063
400.205,0.2,382.9642
400.9529,0.2,382.449
401.9577,0.1993164,381.9389
403.3429,0.1543396,381.4779
405.5449,0.1075623,380.9851
406.435065,0.09914551,380.73502
408.193995,0.1,380.461215
426.77125,0.1,377.45909
436.0893,0.1,375.9858
438.907,0.1,375.5226
445.220065,0.1343323,374.568375
447.0701582,0.1381124456,374.3731589
455.8961,0.1,373.0768
460.4497,0.1,372.3764821
461.4772,0.09828492,372.2981
463.8084648,0.1642089933,372.1411906
464.1019697,0.1639088161,372.1481324
464.8922,0.1712743463,373.2301
465.6194,0.1833854719,373.8533
466.674015,0.2522508526,374.617125
480.337775,0.3,383.97875
483.60206,0.3752503,386.6997
493.5076856,0.4,392.800247
493.9002,0.4,393.441
494.2341,0.4,394.6756
494.1897,0.4,395.5034
493.9719616,0.4,395.836319
493.7277373,0.4,396.0864097
486.92141,0.4,397.11466
478.220765,0.4,398.616985
468.6800899,0.4,399.7920503
468.21074,0.4,397.765985
466.8946538,0.3498108,388.7915661
476.68068,0.4,387.691875
478.8136998,0.4,387.3041674
480.9266768,0.3,383.6700976
467.019515,0.2374512,374.126625
465.9871,0.1773132,373.3792
465.3339,0.1346741,372.8239
464.3058537,0.164209,371.5906358
463.6239243,0.1642089933,371.605277
461.4441,0.09828492,371.6991
460.5481,0.08430176,371.7950986
459.7518,0.08556519,371.9152
455.6561,0.1,372.4163
446.9528,0.1412048,373.7249
444.9793886,0.1117218137,373.9677005
437.5374,0.09533081,375.2063
426.851405,0.1,376.8507
422.3553044,0.08250083749,377.4829572
407.930245,0.1,379.79836
406.0956,0.1,380.1163
404.5247617,0.1302287329,380.4547522
402.3963635,0.1418308318,380.9436236
401.2684146,0.1791554232,381.2014157
400.4020227,0.2000000179,381.6325533
398.2928189,0.2000000129,384.0106521
397.8587828,0.2,384.556468
397.4218145,0.2000000179,385.0581873
395.3745309,0.200000003,387.3907479
393.5387,0.2,389.0112
390.6571,0.2,390.971
388.4018,0.2,392.0158
385.0591957,0.2000002116,392.9519935
380.1850038,0.200000003,394.069541
366.7887,0.3,396.621095
363.0202,0.9522759,397.2852
360.70543,1.342291,397.615695
346.8413,1.445087,400.6942
344.8532512,1.386557102,401.222056
342.0132065,1.523220028,402.0154999
339.3164242,1.528658509,402.8375412
336.4651278,1.504467726,403.4665025
334.0366385,1.47183919,403.9481247
331.5305675,1.459217072,404.5081594
329.4171353,1.419318914,404.9659499
327.5392,1.372932,405.4496
326.5653,1.249859,405.6589
324.9858,1.055922,406.0374
323.5206,0.876063,406.3731
321.4637277,0.7230956554,406.8354684
320.0559509,0.6772831082,407.2774537
318.3527,0.6830322,407.8265
316.8388,0.7,408.3456
313.9636746,0.7455434909,409.2199597
307.0687,0.708374,411.5854
304.5802,0.7373657,412.4534
300.5733,0.7860047,413.9123
299.2883,0.772345,414.3629
297.161095,0.7253235,415.0788
291.4618084,1.247182608,417.0774196
286.59163,0.7520264,418.89286
280.9446,0.777356,420.8582
278.297,0.7483582,421.7834
273.6892,0.8997803,423.4386
272.0096,0.9709595,424.0415
270.839,1.014453,424.4771
269.4129,1.118073,424.9685
268.2102,1.176056,425.4035
267.5301,1.206,425.6285
266.7497,1.144299,425.9093
265.9712,1.143585,426.1617
265.4443,1.189941,426.3593
264.8102,1.172699,426.5451
264.0785,1.153705,426.7546
263.2445,1.160791,427.016
262.5065,1.166858,427.2463
261.4824,1.170508,427.53
260.6422,1.276086,427.7136
259.7196,1.405908,427.9377
258.8551,1.524359,428.1358
257.8303,1.764008,428.3345
256.5896,1.806567,428.5176
255.2143,1.85567,428.729
253.5611,1.82876,428.912
252.5373452,1.850240111,428.9715922
250.7968325,1.905249,429.1086843
249.331049,2.051432133,429.1826674
247.9036,2.188706875,429.2925
246.2812,2.384589,429.3207
244.9577566,2.497211695,429.2975999
243.6723,2.592438,429.2361
242.1673,2.615668,429.1519
241.235,2.642725,429.0952
240.5125,2.660864,429.0099
239.5829,2.68418,428.8969
238.5838,2.706921,428.7414
237.5641,2.728522,428.5577
236.8064,2.674469,428.4009
235.8649,2.697687,428.1609
235.1042,2.716376,427.9635
230.1028,2.737622,426.6017
223.432,2.688464,424.6648
218.5094,2.506329,423.2051
216.25818,2.5345089,422.502755
214.1866,2.784187,421.8852
212.0211,3.045017,421.1676
210.071275,3.122577,420.493655
203.2279,2.610675,418.2217
201.6791,2.471985,417.6881
200.2577,2.15963316,417.2122
198.8452,1.98353529,416.7638
197.511,1.851483,416.3294
195.8665,1.779724,415.8253
194.1417,1.732306,415.3064
192.1382,1.712189,414.7031
190.4053,1.7,414.1851
186.3546,1.7,413.0491
184.8172,1.738342,412.6138
183.2658,1.790295,412.1667
178.7726,2.55155,411.0454
177.1264,2.627918,410.667
175.9049,2.65174,410.359
173.8799,2.980975,409.9243
171.4721,3.28819,409.3623
168.4863,3.718744,408.6462
166.6198,3.964423,408.1701
164.7674,4.206840515,407.781
163.7077,4.365368366,407.6088
161.924,4.428521633,407.2527
158.4768,4.645399,405.9982
150.39952,4.61236505,402.27031
149.992,4.586011,402.0829
148.0061,4.463971,401.2115
136.3699,5.472754,395.8582
131.3519,5.76958,393.6864
129.9284451,5.893500326,392.9044578
128.8744,5.996948,392.2068
126.6781,6.066681,390.1028
124.586,6.021289,387.8889
122.603,6.088245,385.559
119.25972,6.010095,381.10649
116.9492,5.891785,378.1805
110.2471,5.599066,369.7755
106.9374404,5.593380928,365.3970157
105.1597605,5.593380928,363.3992822
104.3262469,5.593379974,362.3588459
101.6108,5.6,359.0168
100.3949,5.6,357.414
99.3051636,5.623511426,355.9825997
98.28782906,5.640217781,354.5511707
96.53624,5.640217781,352.1195662
95.29309023,5.58096838,350.4715919
94.26478997,5.58096838,349.3156538
91.70457122,5.640217304,346.8727569
90.0924723,5.803999901,345.4689951
87.77978322,5.903047562,343.6020872
85.8600618,6.064578533,341.93349
84.84234185,6.130262852,340.9786121
83.39187831,6.245198727,339.4348702
82.01974785,6.403757572,337.752557
80.72670399,6.598251343,336.0397374
79.52340034,6.79611063,334.2652407
78.64568061,6.978455544,332.6359191
77.80503423,7.150230408,330.9468739
77.10003694,7.357342243,329.1632081
76.53205799,7.517920971,327.4456763
76.09821455,7.640787125,325.7080471
75.7440059,7.773458004,323.8612068
75.46934017,7.877677917,322.1054016
75.29943569,7.962417668,320.2179377
75.103613,8.036691969,317.9780782
74.85395372,8.113364284,315.4088017
72.79541733,8.11132431,292.0556416
70.36572731,8.11132431,263.8856954
67.95908353,8.11132431,235.713499
65.4954834,8.11132431,207.5478094
379
316.2888,2.722221654,550.1486
317.7085,2.609238654,550.5952
318.8324,2.717331654,550.6392
319.7783,2.745682654,550.3276
320.4138,2.738639654,549.8309
320.9839,2.716001654,549.1995
321.4195,2.721915654,548.228
321.2336,2.692484654,546.8936
320.5312,2.571982654,545.9344
319.7214,2.516019654,545.3751
318.6776,2.353275654,544.9731
317.7180528,2.313969068,544.6654184
317.3962,2.207629,543.1819
317.089,2.225903,541.6663
315.52008,2.017133,526.747465
313.2648744,1.681434189,501.7391355
326.635605,1.453906,493.957945
327.7038,1.445953,493.7139
328.5414,1.434259,493.3303
329.5353,1.409009,492.5452
331.3961,1.4,490.8098
332.9908,1.327106,488.717
333.3033,1.399573,488.3601
333.5722874,1.432316883,487.6763088
335.0918,1.536121,488.4204
336.3275,1.514301,488.1678
337.4073,1.775165,487.4945
338.1754,1.986774,486.6246
338.7431,1.945496,485.6426
339.9008,2.097949,483.3279
340.4686,2.047504,480.2976
340.4908,2.116791,477.6321
340.7357,2.035358,476.5941
341.3814,2.03634,475.5278
342.2497,2.159961,474.7702
343.374,2.335742,474.4756
344.9325,2.619373,474.3073
346.5244,2.663495,474.2652
348.2387,2.730701,474.5457
349.6635,2.616278,474.8264
350.9549,2.551672,475.4717
352.7026,2.732532,476.7063
354.2054,2.665857,478.1933
355.185,2.700629,479.6944
357.0775,3.041498,482.7667
358.2018,3.20813,484.8991
358.8141,3.347797,486.5405
359.0367,3.553662,488.1959
358.7361,3.611768,489.5987
357.9902,3.817841,491.1981
356.6433,4.0698,493.7372
356.0756,4.200738,495.0279
355.0069,4.126855,497.2444
354.8845,4.212012,499.7415
355.6808005,4.195576109,501.5646655
354.7626,4.120105,502.63
354.8387,4.059473,503.7718
355.401375,4.160254,505.30588
355.978,4.219257,506.1678
356.7761,4.476312,507.8757
357.3242,4.436878,509.5909
357.6245,4.537586,510.7086
357.76537,4.600702,514.93337
358.7596698,4.446667081,518.9761028
356.1693098,4.123180715,521.5583878
354.1981233,3.899280095,519.4245243
352.903,3.831421,520.4336
352.2017,3.794489,521.4296
352.1349,3.795605,522.2432
352.313,3.760101,523.0428
352.5579,3.744379,523.6461
353.493,3.756525,524.8665
354.6062,3.855621,526.2133
368.3042407,5.153784351,540.1072451
368.6086415,5.254492267,541.2319802
368.4431,5.237525,541.8266
367.8309,5.24624,543.3135
367.5304,5.25246,544.7023
367.4747,5.297406,546.2735
367.5971,5.352075,547.4238
367.9756,5.439948,548.546
368.6324,5.325324,549.7524
369.4785,5.380371,550.4958
370.6473,5.434912,551.1973
371.8607,5.506445,551.4779
372.9405,5.548755,551.4779
374.3431,5.603455,551.2394
375.8459,5.805933,550.6362
377.2485,5.85268,549.2334
374.8997,5.789978,546.7224
373.4748,5.694989,547.8867
373.1074,5.670496,548.0971
372.6176,5.637842,548.1813
372.1167,5.60445,548.0971
371.6492,5.525879,547.8726
371.3152,5.527844,547.4799
371.0703,5.536975,546.9609
370.881,5.547974,546.4418
371.0703,5.559363,545.8105
371.2484,5.552204,545.4177
371.9497,5.555005,544.8005
374.9665,5.694427,542.3456
377.7161,5.87774,540.4238
378.0612,5.900745,539.8907
377.8942,6.030262,539.3156
377.4155,5.923413,538.6703
360.8067,4.600891,520.2092
360.161,4.514795,519.676
359.4055017,4.452124635,519.1399186
358.356465,4.600702,514.851575
358.2224,4.537586,510.6589
357.8993,4.436878,509.4198
357.3344,4.476312,507.656
356.5071,4.219257,505.8849
355.932975,4.160254,505.03718
355.42,4.059473,503.6234
355.318,4.120105,502.8572
356.0451143,4.201340743,502.1015143
357.3605,4.310193,501.9073
360.0246108,4.429517813,502.0293606
360.5515,4.452667,504.0183
361.734377,4.761381127,507.9135551
362.9532,4.82511,507.7983
363.5415,5.002088,508.0267
364.06,5.152863,508.4583
365.0325,5.391004,509.0984
366.0587,5.518817,509.4791
367.2124,5.617023,509.429
368.2324,5.661676,508.8812
369.064,5.719867,508.592
370.10981,5.673913,508.454315
371.0931,5.686072,508.624
371.7856,5.715997,509.0411
372.4918,5.805127,509.5479
373.309,5.841901,510.1973
374.3405,5.93111,510.6501
375.3458,5.945508,510.7716
376.7003,5.918939,510.9115
377.752,5.903888,511.0632
379.006,5.895807,511.3267
380.1345,5.869208,511.6195
381.4881,5.800061,511.9691
382.9303,5.807935,512.3885
384.4818,5.817707,512.8493
386.0643,5.837598,513.3932
387.524,5.822583,513.9367
389.2708,5.745069,514.6658
390.6221,5.907617,515.1766
394.1345105,5.867538649,516.3295377
398.7077,5.915326,517.403
400.9079,5.691956,517.8112
403.3017,5.623621,518.2057
404.304,5.569885,518.2641
405.2747,5.358875,518.0944
406.0998,5.215778,517.6613
406.9194,5.062866,517.1178
407.6217,4.895416,516.2324
407.9436,4.945972,515.3041
408.0276,4.848194,514.3061
407.8702,4.769464,513.3464
407.4546,4.679968,512.4258
406.68435,4.595801,511.567255
405.827,4.549432,510.9356
404.7546,4.522742,510.5876
401.5124,4.546417,509.9556
399.8664,4.487695,509.5378
398.6972,4.454273,509.2217
397.6384,4.486218,508.772
396.802,4.493543,508.3127
396.2692425,4.471822841,507.9931444
396.1721,4.308807,507.0557
396.2568,4.02193,506.2325
396.4305,4.034845,505.5872
396.7787113,3.871382361,504.8416289
397.6819,3.819129,504.7806
398.5511,3.768292,504.6306
399.3976,3.695618,504.2709
400.1145,3.636169,503.7937
400.645,3.55575,503.1454
401.1132,3.465967,502.4355
401.43,3.368701,501.67
401.6542,3.286987,500.9805
401.7494,3.205621,500.1106
401.6795,3.131274,499.31975
401.35793,2.76983,497.14076
400.467495,2.207172,489.08975
400.3546,2.167786,488.0391
400.1474,2.133185,486.9683
399.7562,2.095306,485.7943
399.1918,2.117657,484.6623
398.4122,2.043774,483.521
397.7694395,2.012320166,482.8108801
396.8866193,1.995447788,482.7828859
396.3789,2.035358,483.3732
395.6011,2.051453,484.1085
394.5088,2.117084,484.9482
393.4094,2.178406,485.6479
391.3446,2.263556,486.7333
389.78335,2.418787,487.404365
388.2206,2.482379,487.8792
386.8855,2.45315,488.2269
384.6333,2.677606,488.742
382.6579,2.721204,488.963
380.664,2.7651,489.0462
378.6587,2.892676,488.9907
376.644,2.954071,488.7966
374.6413,2.967896,488.4359
372.6634,2.915991,487.9206
372.0648402,2.900898972,487.7703112
371.3227026,2.910793923,487.6129845
370.3517911,2.918033728,487.3994277
369.5373266,2.911208805,487.0384071
369.0391394,2.913288355,486.4274728
368.8501414,2.907028405,486.1273772
368.5845388,2.905623104,485.7961085
367.9982124,2.924539566,485.4829275
367.6747063,2.934934616,485.3970342
367.001609,2.957449436,485.281613
366.6109827,2.955008507,485.2439417
365.4842816,2.951909654,485.2800529
364.8289137,2.912218094,485.0645718
364.2762265,2.901768418,484.6039812
363.7983276,2.899515872,484.1573293
363.0451005,2.879816055,483.2869015
362.4496,2.64975,481.676
361.9281,2.428082,480.5484
360.2646,2.225116,477.6077
358.9352,2.246039,475.3973
357.1819,2.103912,472.653
356.0532,2.141016,471.1028
354.8732,2.10907,469.7851
353.8596,2.041345,468.6762
352.6859,2.069165,467.3803
350.6795,1.933545,465.3434
349.8367881,1.911444068,464.5287256
349.3591111,1.911444068,463.8482591
349.115,1.835291,463.5118
348.4962,1.741186,462.4456
347.7857,1.744714,460.8345
347.3958,1.683661,459.4404
347.1424,1.659906,457.9799
346.7198,1.6,455.7098
346.5302,1.6,454.4315
346.27854,1.6,453.27637
345.8694,1.6,452.3031
345.2289,1.557886,451.1504
344.5972,1.58407,450.3382
343.9625,1.648828,449.5981
343.22196,1.607111,448.99741
342.5134,1.569244,448.5579
341.6371,1.505359,448.0623
335.14271,1.030182,444.51042
328.108905,0.8694214,440.80755
324.630305,0.9855652,438.94474
322.9176,1.085419,437.9776
321.8460868,1.149139166,437.4138615
320.9705567,1.11159558,436.825683
316.69055,1.244635,434.62216
309.863095,1.269177,430.85471
307.4383,1.230823,429.7
306.1154,1.214929,429.2112
304.8564,1.246619,428.8963
303.7299654,1.276693921,428.7403003
302.5901,1.284949,428.5326
301.5115,1.262506,428.2065
300.2374,1.225092,427.6523
297.9782237,1.155490991,426.6238034
295.109,1.089124,425.4464
294.8226,1.085388,425.3235
294.1147,1.080243,425.1589
293.4219,1.142059,425.175
292.8065,1.135846,425.3741
292.21346,1.096954,425.829825
291.8884,1.126886,426.2976
271.342025,2.443744,460.20139
266.61584,2.705823,467.619045
262.4516497,3.018179279,474.6797515
252.6058419,3.565534203,468.6518562
251.6741,3.619067,470.662
250.7865,3.698212,472.7163
250.3984,3.750556,474.1222
250.0579,3.931256,475.6295
249.9447,4.040778,477.6145
249.6448,4.167676,482.628
249.40408,4.165058,483.72012
249.1091,4.100385,485.2675
248.6307,4.185742,486.5149
247.3275,4.624921,488.699
241.9802,5.480976,497.4175
240.592,5.70047,500.417
239.623,5.813635,503.385
239.1141,6.162567,506.222
239.1141,6.378894,508.6923
239.5371,6.480804,510.6433
240.0146,6.64093,511.697
240.6174,6.721692,512.3719
241.7643,6.779584,512.9736
243.2162,6.695795,513.2693
244.515,6.728394,513.2059
245.4379,6.69787,512.7269
246.4121,6.570892,511.9232
247.4718,6.490741,510.7591
249.8639,6.214154,508.1206
254.3575,5.960413,504.0239
255.9697,5.712726,502.8995
257.7356,5.578052,501.9042
258.855,5.512244,501.4635
260.0038,5.498212,501.3318
261.3599,5.489643,501.5836
263.2973,5.414038,502.4219
265.7113284,5.108562946,504.3400522
266.6645259,5.108563299,504.5312923
267.1377,4.99773,504.5557
268.0746,4.941431,504.8706
270.0087939,4.864818941,505.873845
270.5405311,4.830471501,505.3851591
271.1471,4.66391,504.8277
271.7578,4.647131,504.0453
272.2327,4.579987,503.3719
272.5464,4.530005,502.6883
272.8027,4.47558,501.748
272.8849,4.436798,500.931
272.9527,4.367456,499.9625
272.8604,4.311835,498.954
272.5998,4.246716,497.5691
272.0527,4.162848,495.4862
271.5437,4.056903,493.4649
271.257,3.90127,491.7121
270.9918,3.718414,489.9873
270.9711,3.625086,489.1034
271.0469,3.571979,488.3169
271.1742,3.516571,487.4534
271.6451102,3.384734708,485.5370234
272.1184,3.39449439,484.9131
273.1314,3.365283,484.0293
273.8884,3.33443,483.5664
274.6009,3.31665,483.2998
275.3952727,3.310104942,483.2102977
276.086123,3.30137658,483.4400896
277.57064,3.310632,484.30483
289.0671216,3.239396221,490.7178922
295.429555,2.87691,480.63503
300.1571708,2.554216194,472.7116376
306.50385,2.477319,476.63164
312.8671,2.262817,480.1567
314.3397,2.142749,480.7158
315.8482,2.029132,480.8641
317.1972,1.945386,480.7899
318.2032,1.892603,480.4646
319.0548,1.823627,480.0605
319.8364,1.768042,479.4399
320.7153,1.702545,478.7669
320.9961359,1.770546066,478.877137
321.0223,1.681891,479.2819
320.7833,1.667053,480.9228
320.44,1.652454,482.029
319.977,1.648901,483.0672
319.0788,1.683075,483.91
317.3415,1.696881,484.9001
311.1604,1.921185,488.0722
309.463,1.882959,489.1553
303.0836,2.027972,493.634
300.8799325,1.887190131,496.3139509
301.0171023,1.888501507,497.1608807
304.3667,1.550879,499.2818
306.1887,1.57041,500.4225
308.26365,1.613776,501.519235
309.5663,1.681451,502.2366
310.6836,1.729242,502.4683
311.5576,1.744373,502.2902
312.7127156,1.720409524,501.9650333
314.92288,2.017133,526.80556
316.4929,2.225903,541.7344
316.809,2.207629,543.3049
317.1131321,2.326943681,544.7508786
316.4751,2.465262654,545.8295
315.7783,2.608921654,547.0023
315.4669,2.721097654,548.3707
315.8404,2.747349654,549.6276
