16
228
857.033,5.432233,402.5449
861.3149134,5.729732415,401.6323252
862.5218,5.74021,401.7485
862.944,5.752838,401.8674
863.4954,5.769672,402.017
863.9615,5.875946,402.3506
864.3723,5.80426,402.7882
864.4868,5.836517,403.1812
864.5264,5.946949,403.79
864.1624,6.205853,404.4182
863.477,6.459839,405.1999
861.6564,6.757886,407.0022
860.9702,6.918054,407.952
860.4459,6.928497,408.8507
860.1246,6.96203,409.8712
860.064,7.020074,410.8803
860.1209,7.003876,411.9189
860.2737,6.877271,413.0594
860.6067,6.8173346,413.86625
860.677615,6.810675,414.015845
860.75588,6.8268536,414.12237
861.4442,6.972461,415.0527
862.3144,7.063263,416.3154
862.6669,7.08996,416.9906
863.1198,7.275733,417.9372
863.53929,7.2462283,418.86888
863.583145,7.24295,418.966225
863.78347,7.2779867,419.44031
865.5877,7.593317,423.71
865.9573,7.566724,424.4666
866.5817,7.561627,425.4969
867.2008,7.632398,426.3336
867.8771,7.542664,426.9044
868.6823,7.482202,427.4407
869.6973,7.453284,427.9823
870.5783,7.497919,428.155
871.3802,7.502588,428.1408
872.2663,7.549371,427.9939
873.0743,7.628858,427.7383
873.7224,7.840528,427.3541
874.04352,7.8404893,427.03739
874.080055,7.840485,427.00125
874.13163,7.8405552,426.94914
874.5954,7.841187,426.4806
874.9923,7.790771,425.9285
875.2187,7.812421,425.2355
875.3131,7.877387,424.3671
875.3356,7.97254,423.3372
875.2062,7.943506,422.3333
874.866,7.984204,421.2414
874.1603,8.101752,419.9058
872.9727,8.639673,417.9572
871.5107,8.755554,415.791
870.50855,8.8715919,414.31329
870.3972,8.884485,414.1491
870.37238,8.8809657,414.11263
870.149,8.849292,413.7844
870.0711,8.831306,413.1251
869.893,8.765908131,412.5919
869.6481,8.744541256,412.185
869.0914,8.656342,411.8062
868.624,8.683143,411.694
868.1562,8.691718,411.7642
867.7222,8.686542,411.9605
867.4885,8.673291,412.171
867.2435,8.629541,412.6901
867.2324,8.586413,413.1251
867.3771,8.538104,413.56
867.6777,8.554442122,413.9107
868.1118,8.635468,414.2334
868.7687,8.716498,414.4298
869.5367,8.817499,414.4719
869.8643,8.8777864,414.4845
869.9007,8.884485,414.4859
870.012,8.8715919,414.65002
871.0137,8.755554,416.1271
872.4682,8.639673,418.2821
873.6406,8.101752,420.2057
874.3152,7.984204,421.4795
874.6206,7.943506,422.4642
874.7363,7.97254,423.3681
874.7143,7.877387,424.3306
874.6305,7.812421,425.1176
874.4562,7.790771,425.6592
874.1406,7.841187,426.0893
873.70275,7.8405552,426.52985
873.654955,7.840485,426.57785
873.62611,7.8404893,426.60714
873.3661,7.840528,426.8712
872.8339,7.628858,427.1886
872.1282,7.549371,427.41
871.3224,7.502588,427.5437
870.6324,7.497919,427.5575
869.9106,7.453284,427.4215
868.9887,7.482202,426.9249
868.2353,7.542664,426.4231
867.6426,7.632398,425.9276
867.0815,7.561627,425.1649
866.4816,7.566724,424.1749
866.1387,7.593317,423.4724
864.336,7.2779867,419.2064
864.13304,7.24295,418.72632
864.08602,7.2462283,418.62188
863.6641,7.275733,417.6848
863.204,7.08996,416.7234
862.822,7.063263,415.9955
861.933,6.972461,414.7048
861.23892,6.8268536,413.76637
861.19581,6.810675,413.722045
861.16332,6.8173346,413.64369
860.8548,6.877271,412.9101
860.7182,7.003876,411.862
860.664,7.020074,410.8803
860.7145,6.96203,409.9813
860.9946,6.928497,409.0937
861.4722,6.918054,408.2807
862.0995,6.757886,407.4066
863.908,6.459839,405.6173
864.6474,6.205853,404.7715
865.1072,5.946949,403.9406
865.0799,5.836517,403.0903
864.8828,5.80426,402.4731
864.3584,5.875946,401.9006
863.756,5.769672,401.4765
863.1049,5.752838,401.2894
862.6146,5.74021,401.1558
861.6576929,5.729555417,401.0479324
861.5513699,5.728371574,401.0359471
861.5095937,5.694944217,400.6937736
861.171206,5.424182622,397.9221678
861.1336074,5.394098,397.6142116
860.4989266,5.3541743,397.7205104
855.3580127,5.03079233,398.581531
854.7868,4.994861,398.6772
854.7978678,4.996797185,398.7333332
854.8974783,5.014222852,399.238532
860.1142113,5.341834473,398.3794933
860.6938483,5.378235764,398.2840445
860.7238449,5.410746907,398.5675639
860.9668172,5.674087166,400.8640704
860.9938141,5.703347195,401.1192378
860.5848627,5.676235775,401.203194
856.9043,5.432233,401.9588
853.0767,5.20683,402.8143
849.7593,5.157703,403.4856
848.21658,4.985082964,403.6830814
848.0451666,4.96590296,403.7050238
847.9635,4.935194664,403.1648014
847.302,4.686457466,398.7890001
847.2285,4.65882,398.3028
847.2138579,4.6580625,398.196891
847.0820792,4.651245,397.2437101
843.5254779,4.3918965,397.863981
843.1303,4.36308,397.9329
843.23786,4.38696,398.5557
844.109096,4.580388,403.60038
844.2059,4.60188,404.1609
843.4133,4.5604799,404.32645
836.99324,4.22513909,405.667405
836.29415,4.187879,405.813835
835.2599489,4.0427099,405.9767782
826.8768451,2.86684019,407.2977118
825.9453891,2.736188,407.4444822
826.1655378,2.746706629,408.7974219
827.9487421,2.883037491,419.7562336
828.146876,2.892504257,420.9738794
829.2280484,2.954790558,420.8135114
837.9855448,3.873462356,419.5145311
838.9605,3.975537,419.36982
839.34198,4.0028277,419.30821
842.431158,4.22388237,418.809331
842.76471,4.248444,418.755325
843.11507,4.2870445,418.71107
845.957117,4.59970855,418.351997
846.2729,4.634449,418.3121
846.83882,4.7250367,418.17044
851.422772,5.45879707,417.022994
851.890205,5.540326,416.90272
852.14964,5.5460126,416.87784
854.5044,5.597192,416.6505
857.9519596,6.234519015,416.3073071
858.3350217,6.305333128,416.2691746
858.3623096,6.311773715,416.2940471
858.6079,6.369739,416.5179
859.2062,6.438318,416.6659
859.6838,6.49588,416.4958
860.0514,6.558209,416.0415
859.9891,6.576056,415.4493
859.7306,6.562286,415.0578
859.345,6.539197,414.8057
858.6476,6.442694,414.8773
858.3025685,6.381015328,415.3201191
858.1348818,6.336167743,415.7136683
854.446,5.597192,416.0533
852.3492315,5.578965921,416.2693717
852.1162572,5.576940802,416.2933797
852.0644615,5.624780221,415.9445017
851.6449161,6.012279522,413.1185902
851.59716,6.055335,412.798045
851.48812,5.9983562,412.16593
850.605382,5.53682792,407.048593
850.5073,5.485547,406.48
850.4481042,5.488201483,406.4876018
849.9153422,5.512091825,406.5560176
850.8968442,6.001010683,412.2652418
851.00476,6.055335,412.893045
851.057224,6.006831627,413.24642
851.4826684,5.61395431,416.1115517
851.52994,5.570301274,416.4298997
850.993186,5.476716047,416.5592497
846.6454786,4.718675705,417.606985
846.1624,4.634449,417.7234
846.09088,4.6753028,417.23129
845.511568,5.00621858,413.245199
845.4472,5.042987,412.8023
845.41792,5.0658398,412.61346
845.1544,5.271515,410.9139
845.00716,5.1850421,409.91139
844.9908,5.175434,409.8
844.92194,5.1180786,409.29525
844.364174,4.65349986,405.206775
844.3022,4.60188,404.7525
844.65954,4.6355659,404.71041
847.553994,4.90842169,404.369481
847.878545,4.938739,404.33122
848.07709,4.9606354,404.30574
849.8626,5.157703,404.0766
853.2021,5.20683,403.4011
82
833.6346,0.09889527,339.2948
834.6332,0.1124634,339.7003
835.4507,0.1246216,340.0572
836.8664,0.1498779,340.81
846.06603,0.2163757,345.80138
853.45008,0.2481018,350.04813
853.939035,0.2321411,350.348865
855.6260331,0.2926941,351.2931046
856.2563,0.3530152,352.6407
857.0032,0.3710755,353.1823
858.7465,0.3073609,354.271
868.4067809,0.2172615777,359.9853462
869.2639536,0.2111878,360.7831814
874.0386957,0.1623779,364.0989086
877.1322597,0.1963867,366.1793101
879.5224213,0.180188,367.7786894
881.161295,0.1263794,368.8949307
882.6014416,0.1770264,370.1242
884.8415259,0.1034119,372.0986653
890.5771,0.2,377.2793
892.6186,0.2,379.1377
895.9822661,0.2,382.2673861
896.0308,0.2,383.0727
896.22,0.2614258,385.8928
896.632,0.3,390.1018
897.1996,0.3,394.3109
897.5225,0.3,396.4435
899.6337,0.4716004,410.0253
912.8139,0.2762634,407.7104
911.7935,0.2085449,401.2978
911.6712,0.2126282,399.993
911.6377,0.2137451,399.053
911.6935,0.2790588,398.4217
911.8159,0.2654907,398.0148
911.9828,0.2519348,397.6079
912.2437653,0.1963013,397.2797996
914.4829,0.1265442,395.2115
913.2236,0.1684753,393.7227
911.92312,0.2,392.22536
910.4513,0.2,390.6655
909.3764,0.1961182,389.5788
908.1511,0.2,388.4135
906.7009,0.2,386.9796
905.2463,0.2,385.6679
903.2012,0.2,383.8866
901.1976,0.2,382.0231
900.103435,0.2,381.066045
894.283205,0.1363953,375.91871
891.2444,0.1451965,373.183
889.2861,0.1,371.4158
887.4695,0.1310791,369.7585
885.816,0.1,368.3222
883.8026,0.1281921,366.6587
881.3685,0.1687988,364.8713
880.8348,0.1565003,364.4988
879.735,0.1309143,363.7314
878.6725,0.1061279,362.9898
877.4145,0.1,362.0701
870.7507653,0.1363586,357.9230408
860.954,0.3,352.7529
857.403,0.2950318,350.9009
855.8777722,0.2926941,350.8490265
853.9090723,0.2321411,349.7645636
853.3857,0.2462463,350.757
853.2531,0.3104614,351.3316
853.2297,0.3352478,352.1272
853.3992,0.3838867,353.6108
854.8969,0.4044115591,362.860627
829.215425,0.6403503,366.96401
820.3553488,0.584026156,368.3771957
818.25661,0.4,355.289985
815.603115,0.3,342.104755
815.1205,0.2408874,339.27
815.0674,0.2698975,338.1422
815.0961,0.2610107,337.9336
815.1624,0.2493225,337.6277
815.3684,0.2319641,337.1479
815.6155429,0.2098531389,336.7551545
819.6371,0.1334168,337.3499
828.1115,0.1,338.4166
831.6258,0.1,338.8231
832.5543,0.1,339.0141
81
945.2912656,0.150863899,439.7321573
940.01234,0.1,432.16711
932.2864,0.1172546,421.1534
928.9247,0.1293152,416.2852
926.2988,0.2453247,412.5831
923.2927,0.2040894,408.3457
919.19115,0.1100037,402.52689
916.7628,0.1348938,399.2043
914.024215,0.1265442,395.598385
912.7682,0.1684753,394.1133
911.485885,0.2,392.63624
910.0189,0.2,391.0815
908.9567,0.1961182,390.0075
907.7329,0.2,388.8438
906.2888,0.2,387.4156
904.8491,0.2,386.1176
902.7998,0.2,384.3325
900.7936,0.2,382.4668
899.6061152,0.2,381.3781663
898.7915,0.2,381.3049
897.9567,0.2,381.4171
897.2218,0.2,381.5995
896.4093,0.2,381.81
895.964,0.2,381.9643
895.04,0.2,382.4975
893.9937,0.2664917,383.0446
892.9694,0.2809876,383.4796
890.6206,0.3,384.2372
877.7067855,0.3623596,385.8503647
876.8513229,0.3908413869,385.7807189
868.2812004,0.8324463,387.2223857
870.2874,0.9708191,399.3
870.6730313,1.847955,401.2175
879.6686113,0.9262512,399.7975535
881.7608397,0.8727759733,399.3073648
897.5225,0.3,396.4435
905.2926,0.2252441,395.4753
906.172,0.2780457,395.3912
907.2072,0.2724304,395.2228
908.2646,0.261676,394.9001
909.43572,0.2,394.504225
910.289,0.2,395.45
910.994,0.2014282,396.2831
911.91703,0.1963013,397.4317
917.02619,0.1259888,404.614685
925.851715,0.2317261,416.98587
927.766395,0.2,419.74979
935.460495,0.111499,430.83605
939.5293,0.2,436.5532
943.0705,0.159552,441.070895
942.1183,0.1914612,441.8344
941.4077,0.2,442.3922
940.6421,0.2,442.802
939.7072,0.2,443.1097
938.2714,0.2877197,443.3857
937.3909,0.2914612,443.4964
931.94841,0.3,444.227425
918.879,0.5706909,446.4442
917.8704202,0.6,440.1593089
931.1939607,0.272168,437.8196136
930.0881513,0.3,431.5072671
916.8167331,0.5496033,433.2490934
915.3559,0.431134,423.9841
914.8883,0.4053894,420.8554
914.5877,0.4524841,418.6247
912.712695,0.2762634,407.134175
899.57921,0.4716004,409.4232173
901.7859,0.6,422.7916
902.5986,1.226776,427.8563
903.8566,1.279254,435.4463
905.996225,1.043164,449.237705
912.546395,0.6851684,448.157915
918.97947,0.5706909,447.03569
932.038515,0.3,444.820525
937.47,0.2914612,444.0911
938.3704,0.2877197,443.9774
939.8514,0.2,443.6921
940.8757,0.2,443.3546
941.7355,0.2,442.8946
942.4943,0.1914612,442.302
943.471665,0.159552,441.49863
76
871.0640878,1.82570746,400.6036514
870.8788,0.9708191,399.1989
868.8569953,0.8201923543,387.6513975
877.0134155,0.3828910355,386.2129791
877.552768,0.3579629513,385.4681083
875.5280328,0.2230408,372.6994657
857.5258775,0.5237085652,375.4220904
855.4468759,0.3988395308,363.3026662
866.6426,0.2154419,361.2415
868.5679,0.2182007,360.8886
869.5417913,0.2066523005,360.3684003
874.3471,0.1623779,363.6589
877.4177,0.1963867,365.6921
879.8143,0.180188,367.3078
881.4398,0.1263794,368.4525
882.9366,0.1770264,369.6723
885.149815,0.1034119,371.69123
890.9759,0.2,376.831
893.0311,0.2,378.7019
895.3332398,0.2,381.0028793
895.6306824,0.2,380.8416699
895.4693654,0.2,380.2660733
894.5678417,0.1784851,376.922152
893.9733968,0.1363953,376.3436084
890.8429,0.1451965,373.6287
888.8829,0.1,371.8602
887.0703,0.1310791,370.2064
885.4287,0.1,368.7804
883.4348,0.1281921,367.1328
881.0153,0.1687988,365.3564
880.4914,0.1565003,364.9908
879.3916,0.1309143,364.2234
878.3232,0.1061279,363.4777
877.0879,0.1,362.5734
870.2995749,0.1363586,358.1831832
870.1069,0.161145,358.7432
869.7084,0.1033814,359.4482
869.2643,0.2018372,359.8764
868.9518,0.2111878,360.1049
868.4351,0.2182007,360.3035
866.5309,0.2154419,360.652
855.3132578,0.3990405938,362.7879455
853.9928,0.3838867,353.5226
853.8283,0.3352478,352.0879
853.8495,0.3104614,351.3961
853.9393,0.2462463,350.9886
854.4371011,0.2321411,350.0386067
846.364575,0.2163757,345.280915
837.152,0.1498779,340.2823
835.7177,0.1246216,339.5198
834.8657,0.1124634,339.1471
833.858555,0.09889527,338.738285
832.692,0.1,338.4301
831.7059,0.1,338.2285
828.1848,0.1,337.8211
819.7162,0.1334168,336.7551
815.2886569,0.2128418,336.1662317
815.088,0.2202759,336.4868
814.8367,0.2319641,336.8701
814.5954,0.2493225,337.4314
814.5057,0.2610107,337.8271
814.4675,0.2698975,338.1516
814.5259,0.2408874,339.3501
815.011785,0.3,342.206245
817.668195,0.4,355.407215
819.803505,0.5875854,368.72514
821.9625402,0.9612671,382.0150156
828.7283752,1.402338,380.9611006
831.1026008,1.409674,379.9099824
829.3087,0.6403503,367.5567
854.9019905,0.4042955394,363.3659435
857.0782897,0.5260193,376.0290131
875.1027612,0.2259320731,373.3120673
876.9758048,0.3545955829,385.5000567
877.3968503,0.3623596,386.3725378
879.7438,0.9262512,399.2756
53
826.8326,0.1386597,339.6624
821.1697,0.2,340.7703
817.6008,0.2869629,341.3637
815.255465,0.3,341.8601
802.3931,0.3535095,344.0951
800.1513,0.3,336.3369
800.0622,0.2796387,335.4389
800.1513,0.2548462,334.6953
800.3739,0.242218,334.3165
800.7559717,0.2239807,333.6383296
795.6318,0.1917053,332.8011
794.2068,0.1860962,332.6328
793.1159,0.18703,332.6609
790.6112,0.1959168,332.9275
784.5666,0.2,333.8675
777.2974,0.2,335.0602
758.9854,0.1647522,337.9926
740.4001,0.1601624,340.9067
741.1119,0.2953247,344.9583
742.536315,0.4,353.92041
744.529565,0.5319336,367.05727
746.8429942,0.7,380.2006147
749.3056476,0.6272034,380.0077366
765.193934,0.5004848258,377.417282
765.148059,0.5,376.9645
763.322915,0.4332519,364.0027
761.3255273,0.3946293077,351.1453612
778.9932533,0.4,348.3803252
780.0406,0.4,354.3885
780.7411,0.4,358.6904
781.075055,0.4,361.258365
781.3757,0.4,363.2234
783.112965,0.5,374.46617
784.1929,0.5,380.8081
793.127,0.5,379.3968
803.1187,0.5,377.9155
802.017455,0.5,371.42482
799.9811641,0.4,358.3051601
818.007435,0.4,355.64521
835.833495,0.3530152,352.936635
844.2962,0.30625,351.5332
852.0942,0.3000549,350.117
853.2368138,0.2481018,350.0842373
853.2035376,0.2795324442,349.4871582
852.0026,0.3000549,349.524
844.1937,0.30625,350.942
835.7355,0.3530152,352.3447
834.2596,0.2,342.3983
833.7623207,0.09889527,339.1401622
833.0823055,0.1068481,338.9044274
832.4225338,0.1129273,338.9928238
829.4687,0.1180725,339.2932
827.2271,0.1260498,339.6037
47
912.4054,0.1963013,397.0833
917.51479,0.1259888,404.266585
926.342515,0.2317261,416.640865
928.259495,0.2,419.40789
935.951395,0.111499,430.490955
940.0182,0.2,436.2052
943.5079,0.159552,441.108465
948.4953,0.1,447.955
952.816655,0.1,454.201275
956.58134,0.1,459.713175
959.9279,0.1,464.4255
968.15442,0.1,476.01353
970.770805,0.1,479.71771
974.3354,0.1,484.7715
976.7184,0.1,488.3871
977.6113,0.1,489.7425
980.6715,0.1,494.3931
981.3963,0.1,495.4944
983.8674,0.1,499.2538
984.7565161,0.1,500.6549473
988.1073133,0.1,498.4842795
987.2329,0.1,497.2227
984.049,0.1,492.8315
980.19728,0.1,487.52858
976.297,0.06638794,482.1781
974.5695,0.1,480.1413
973.2756,0.1,478.301
970.2754,0.1,474.0528
969.1645,0.1,472.4802
962.355445,0.1,462.84131
960.7421,0.08513794,460.3452
958.8488,0.1,457.8047
953.817,0.1,450.5093
949.072835,0.1,443.93521
945.546345,0.1498047,439.124545
940.504835,0.1,431.82441
932.7784,0.1172546,420.81
929.4165,0.1293152,415.9415
926.7882,0.2453247,412.2359
923.7827,0.2040894,407.9994
919.67855,0.1100037,402.176995
917.2438,0.1348938,398.8456
914.4999277,0.1275204087,395.3551976
911.8487194,0.1265442,392.2639746
909.8655,0.2,394.1073
910.7378,0.2,395.0518
911.4576,0.2014282,395.9023
134
807.8235,1.11543,409.7315
798.00586,0.9378357,411.89195
789.76064,0.883667,413.263965
783.5853,0.9484436,414.1895
782.285515,0.9461426,414.429415
780.814955,1.00448,414.710305
771.163205,1.280945,416.18157
753.2672606,2.510442366,418.6615028
751.7568,2.458984,407.6369
751.420795,2.507852798,405.871555
750.8648,2.330878,402.998
750.5091,2.095929,400.8406
750.30819,1.924561,399.729145
749.6746,1.571582,396.297
749.18571,1.171753,392.837865
748.6627,1.068481,389.0233
748.2530782,0.8391331113,386.1351244
748.4740991,0.7724854,385.5881383
749.8605,0.7938599,386.7807
755.3695743,1.106171009,391.8347019
756.0559073,0.987634177,391.7549114
750.5511,0.7804138,386.683
748.4422,0.746875,384.74
747.4602405,0.7819214,383.7955824
747.0479826,0.7108419044,380.4293574
747.1367554,0.7001265217,379.3193394
745.121435,0.5319336,366.958725
743.129485,0.4,353.83029
741.704,0.2953247,344.8612
740.991,0.1601624,340.8029
722.1882,0.2551025,343.755
724.470075,0.5,356.7605
725.3443801,0.7316485757,364.4542116
725.7441121,0.7649058209,365.8937488
729.870605,0.7696655,369.383525
740.9315246,0.7827637,379.018304
741.1186,0.7486328,379.509
741.9145,0.7713135,380.1895
742.4321,0.7860474,380.6314
743.935,0.8894958,381.9784
746.6177,0.8306336,384.2934
747.6101797,0.7724854,385.1999806
748.0682,1.068481,389.1039
748.59141,1.171753,392.920565
749.0824,1.571582,396.3934
749.717985,1.924561,399.836945
749.9176,2.095929,400.9413
750.2744,2.330878,403.105
750.7813119,2.518756364,405.6960491
749.1539,2.671613,406.0522
733.6150025,4.222515531,408.3697928
732.4248684,4.227814198,408.5826752
722.79725,5.655609,410.31863
714.9384289,7.273682117,411.8808666
714.6471103,7.287613453,411.9521151
714.6094782,7.273682117,411.5837915
712.85,5.52461,401.0813
712.449895,4.654004,398.419165
711.726195,4.267157,393.676285
710.4594157,3.00141,385.6727107
692.1123356,3.059335045,388.947385
690.197245,2.05127,375.77553
687.9145611,0.9870147722,362.8041437
706.044765,1.08515,359.882035
716.78298,0.6326172,358.32526
724.81429,0.5,357.00562
742.87941,0.4,354.171685
761.3165829,0.3945557,351.0917511
759.28177,0.1647522,337.94603
758.8057,0.1,334.0532
758.7621,0.1346985,331.676
758.7614,0.08040772,329.1334
759.0385,0.09005127,327.8936
759.3269,0.1,327.2665
759.5776,0.1,327.0296
760.3724578,0.1,326.5987874
760.8425,0.1,326.6308
762.5831,0.08045044,326.8665
763.5117,0.04891358,327.1154
764.5757,0.1,327.3528
765.3799,0.1,327.603
766.265,0.1,327.8459
767.234575,0.1,328.03085
769.0806,0.1,328.2584
771.1048,0.1,328.4839
771.5724,0.1,328.4706
775.220955,0.1,328.680915
779.6807,0.1,328.8636
784.7932,0.1,329.004
788.6096,0.1,329.0741
790.406,0.1,329.1721
791.758,0.1,329.2418
793.2343,0.1,329.3806
794.0244,0.1,329.5224
794.5022,0.1,329.7834
794.7585,0.1,330.0909
795.0374,0.1150085,330.6008
795.2009,0.1416626,331.3401
795.332975,0.1917053,332.828335
795.4358,0.2169617,333.607
797.350505,0.4,345.23913
797.6286,0.4,346.9075
799.40968,0.4,358.089565
801.4337479,0.5,371.2119276
783.361235,0.5,374.11978
764.88457,0.5,376.92552
749.1892,0.6272034,379.4508
746.96196,0.7171293862,379.616775
743.8087,0.775293,380.0111
742.36546,0.7860474,380.338985
740.1901,0.9448059,380.8266
729.0294845,2.06417799,382.5660112
728.1431581,2.084536369,382.6887555
728.2987161,2.06417799,383.5900673
728.7113,2.44046,386.4767
730.4824829,3.521539,395.9749953
733.1323,3.051086,395.6588
736.992285,2.550769,394.87151
740.29717,2.072906,394.3406
744.3535,1.646362,393.8926
748.93439,1.171753,393.17628
755.41312,1.108618,392.43416
756.75526,1.004773,392.250965
767.20216,0.6297974,390.636775
785.52819,0.5,387.60582
803.871405,0.5,384.715915
817.93975,0.8032227,382.59776
821.9767342,0.987642761,382.0701853
822.88651,1.648059,388.181825
823.8774,2.149982,394.762405
824.5231,2.565753,399.0422
824.7576,2.600226,400.5201
825.9836548,2.713994042,407.4183095
820.261735,2.238446,408.155595
113
831.0083,1.409674,379.3949
828.653945,1.402338,380.46256
822.200935,0.9612671,381.48408
817.851355,0.8032227,382.004335
803.7783,0.5,384.12328
785.430515,0.5,387.01388
767.11024,0.6297974,390.043825
756.4719551,0.9920873965,391.7026956
755.3445,1.108618,391.8381
748.84291,1.171753,392.58332
744.2734,1.646362,393.298
740.20343,2.072906,393.748
736.87362,2.550769,394.283385
733.0303,3.051086,395.0675
731.2153293,3.521538973,395.2932886
730.9192999,3.550563725,395.3731686
729.3026,2.44046,386.3752
728.7750608,2.040820625,383.2048312
740.2883,0.9448059,381.4185
742.49884,0.7860474,380.923915
744.0441563,0.775293,380.5245172
743.4607,0.7647217,379.9916
742.9074,0.7495179,379.5357
742.3987,0.7355347,379.1162
741.9201,0.7224426,378.7233
741.1674756,0.7827637,378.5748898
730.258405,0.7696655,368.92567
726.0655943,0.7646815791,365.4859706
725.06133,0.5,356.6586
722.7792,0.2551025,343.6512
720.992,0.2621216,343.9135
711.1848,0.313562,345.457
703.9802,0.3,346.5976
705.9140597,1.052748954,359.0498116
705.8378545,1.08515,360.1293351
707.925122,2.073834,373.160407
715.303925,1.628076,371.83643
726.470235,0.9425721,370.164715
730.10843,0.7696655,369.451375
744.87345,0.5319336,367.304135
763.07212,0.4332519,364.34398
781.422535,0.4,361.509045
799.9946335,0.4,358.2362999
798.2211,0.4,346.8126
797.94259,0.4,345.14167
796.028,0.2169617,333.5107
795.930525,0.1917053,332.773865
795.7954,0.1416626,331.2595
795.6026,0.1150085,330.3994
795.2581,0.1,329.7587
794.8688,0.1,329.3085
794.2111,0.1,328.9522
793.3093,0.1,328.7853
791.8022,0.1,328.6434
790.4379,0.1,328.5729
788.6276,0.1,328.4744
784.8074,0.1,328.4042
779.7009,0.1,328.264
775.255045,0.1,328.081885
771.601,0.1,327.8713
771.1557,0.1,327.886
769.1503,0.1,327.6624
767.344925,0.1,327.441145
766.3998,0.1,327.2612
765.5482,0.1,327.0271
764.7273,0.1,326.7722
763.6538,0.04891358,326.5325
762.6902,0.08045044,326.2762
760.913,0.1,326.0349
760.31688,0.1,325.9953
751.9775488,0.00149920972,324.5359502
751.4435,0.01884766,323.3377
750.8182,0.04503784,322.5019
750.1127,0.06748658,321.8016
749.0977,0.09508667,320.9626
737.806185,0.0854004,312.01696
725.8783905,0.001240809774,301.8764453
725.5173,0,302.3293
737.425285,0.0854004,312.480455
748.7242,0.09508667,321.4323
749.713,0.06748658,322.2491
750.3654,0.04503784,322.8957
750.9202,0.01884766,323.6314
751.6016532,0,325.0252223
759.1916861,0.09712299048,326.3657442
759.2391,0.1,326.5341
758.8218,0.1,326.9426
758.4646,0.09005127,327.7186
758.163,0.08040772,329.0887
758.1622,0.1346985,331.6814
758.2077,0.1,334.1028
758.689025,0.1647522,338.03907
760.737015,0.3945557,350.931905
762.729315,0.4332519,364.0905
764.6017,0.5,377.0503
764.6693116,0.5,377.5472899
783.456365,0.5,374.71222
801.4635239,0.5,371.746278
802.52663,0.5,378.011905
803.528305,0.5,384.464935
805.6164361,0.6975708,397.5417666
824.22259,2.149982,395.01386
831.102215,2.718066,393.8773
842.05232,3.731549,392.077795
851.499,3.71983,389.8673
859.7166,3.551642,390.3327
863.2611072,2.512079342,389.2482851
863.1376,2.435565,388.6643
859.6468,3.551642,389.7462
851.4401,3.71983,389.2701
841.9460041,3.699365233,391.5263371
841.0034,2.921423,385.2643
839.7319241,1.829535,378.0573978
177
694.3120219,4.298309,396.8794749
711.2068873,4.267157,394.0754453
711.9381568,4.654004,398.7047363
729.1345386,3.499103,395.8170961
729.3491,3.526764,396.2859
730.919,3.878522,403.7795
731.3115,3.854968,404.5832
731.9011,4.103284,405.3882
732.81702,4.227814,408.78361
734.404484,5.200995,422.3028727
735.1728721,5.203949,427.3571
735.448855,5.257282,429.112135
736.32167,5.825611,434.66599
736.2354,6.012769,437.0337
738.33,6.720972,448.1832
738.399654,6.726532,448.89601
732.5692,8.046198,449.8965
729.6304,8.591992,450.2192
727.1146,8.803723,450.4297
725.634,8.871729,450.6821
724.1312,8.904981,450.9347
722.9846,8.927924,451.1312
722.2165,8.916705,451.2995
720.8973981,8.894251,451.5610142
718.7947,8.95741,438.036895
716.7325376,8.783826,425.1904968
717.0555409,8.783826828,425.1360871
717.3271392,8.71713776,425.1004623
717.5893731,8.652509389,425.0402238
717.846684,8.58778788,424.9580596
718.0884475,8.523564481,424.830267
718.3035507,8.463520234,424.6565994
718.4845548,8.411366542,424.4410484
718.6507224,8.36621399,424.2120174
718.8305837,8.324971471,423.9992989
719.0532336,8.285264292,423.8397502
719.3426799,8.237828004,423.7870734
719.6019575,8.205280461,423.8443011
719.8500984,8.175067631,423.9873435
720.0705641,8.14856683,424.1676441
720.2731519,8.121216328,424.358307
720.4681704,8.091012254,424.5503917
720.6695966,8.05683996,424.7253232
720.9097269,8.01466757,424.8521678
721.1680985,7.9680473,424.9131779
721.4383452,7.919275436,424.8592573
721.673775,7.874981011,424.7061698
721.866576,7.835381922,424.4932334
722.0253141,7.798782963,424.2546422
722.1694927,7.763570911,424.0009449
722.3153756,7.728162483,423.7461779
722.4832153,7.690025205,423.5090074
722.6773186,7.649177813,423.2986366
722.9192641,7.601941363,423.1587755
723.1967499,7.549858076,423.1301716
723.4596264,7.498969335,423.2172824
723.6840892,7.451100032,423.3788439
723.8824678,7.402482879,423.5661784
724.0614825,7.355122759,423.7740539
724.2384574,7.309289486,423.9818262
724.4281552,7.264324651,424.1771859
724.6548393,7.214250529,424.3290204
724.9231821,7.154716391,424.4048394
725.2001181,7.097066269,424.3659876
725.4380708,7.051172747,424.2266157
725.604317,7.014864365,424.0174956
725.7314056,6.98095546,423.7742335
725.8560648,6.944606047,423.525459
725.9775366,6.912123564,423.2739435
726.1114015,6.877300471,423.0288793
726.2938988,6.834895577,422.8224571
726.5271621,6.787375656,422.6797438
726.7966404,6.72134729,422.6246988
727.0598306,6.672602856,422.6948932
727.2911677,6.630607046,422.8443709
727.5091716,6.588105254,423.0044954
727.710782,6.544742698,423.1830995
727.9064775,6.499556279,423.3682128
728.1236539,6.449409889,423.5196833
728.3552301,6.401770729,423.663924
728.6213326,6.351716169,423.7432578
728.9017493,6.300492119,423.7120361
729.1382296,6.255446718,423.5641694
729.3352836,6.215105789,423.3742516
729.4779041,6.180232649,423.1442015
729.7252096,6.106420962,422.6734369
729.8583858,6.06216769,422.4467278
730.0001177,6.015823657,422.2211943
730.2159193,5.965622889,422.0629621
730.486568,5.916876071,421.981865
730.7617664,5.870967972,422.0478919
730.9885931,5.830632774,422.2011698
731.1783424,5.794372409,422.3941612
731.3491713,5.759648523,422.6065064
731.5254434,5.721961691,422.8109049
731.7081866,5.685688236,423.0101683
731.9159859,5.64844166,423.1875435
732.1706808,5.600488968,423.2849192
732.4455251,5.549259103,423.2835753
732.6997096,5.497208709,423.170079
732.8788173,5.453301708,422.986782
733.0423249,5.406048517,422.7865828
733.2459641,5.3499619,422.6159156
733.4958392,5.287979695,422.47795
733.7710424,5.226892739,422.370961
734.0499216,5.201074481,422.3071595
735.2737228,5.116510108,422.4286829
740.1223,4.407465,421.502
746.349775,3.400677,420.56109
753.12731,2.525757,419.28658
771.2532,1.280945,416.774735
780.92645,1.00448,415.299795
782.394785,0.9461426,415.01938
783.6777,0.9484436,414.7823
789.858665,0.883667,413.85594
798.13324,0.9378357,412.47815
807.92704,1.11543,410.321865
820.338465,2.238446,408.750605
826.6277325,2.736188,407.8949349
825.3492,2.600226,400.42
825.1163,2.565753,398.9515
824.3324735,2.149982,394.3714149
805.733225,0.6975708,396.947515
795.702805,0.6,398.6873
787.6267,0.6,400.08935
781.5687,0.6753967,401.0157
769.455767,1.013253037,403.0790294
768.1952797,0.6358399,394.1518239
786.4151989,0.5,391.1770616
785.775965,0.5,387.26477
784.784445,0.5,380.707675
783.70526,0.5,374.36997
781.9687,0.4,363.1319
781.66915,0.4,361.174365
781.3344,0.4,358.6011
780.6321,0.4,354.2882
779.535104,0.4,347.7042328
760.985145,0.3945557,350.590775
742.786295,0.4,353.57892
724.717205,0.5,356.413485
717.0941157,0.6326172,357.6525155
717.0431373,0.6448874529,358.5365581
725.7001348,0.7647095,365.7231955
726.4132,0.9425721,369.8702
726.2029106,0.9904679051,370.4604835
728.0339,2.010071,382.028
728.1400193,2.064178,382.693422
720.1524,2.82851,384.0816
710.4642597,3.00141,385.6948133
710.3749169,2.944147,385.1358
709.42104,2.599982,379.50572
708.430835,2.073834,372.76891
706.3798834,1.125154088,360.073244
705.9495,1.08515,359.2896
687.58455,0.98573,362.249625
682.577,1.016925,363.007
669.0388828,0.7263123,364.9459453
671.114545,1.954242,378.91348
673.3632,2.822699,392.172585
675.5679955,3.536456,404.9488836
678.312,3.615253,404.6545
680.59834,3.768121,404.416675
686.4524081,4.412122,403.8575979
686.5128,4.417688,403.3949
686.6438,4.436615,403.0506
687.1017,4.49115,402.7135
687.5291,4.588886,402.5978
687.8937,4.66576,402.5068
688.4749,4.784589,402.4669
692.5698,4.999725,402.17
693.5642,5.080383,401.7066
693.9558,4.986267,401.1204
694.017775,4.906128,400.533695
693.92832,4.720325,399.376135
693.8403,4.599945,398.4353
693.8364,4.450299,397.6022
694.0373,4.349756,397.1277
182
856.947,4.821228,428.8604
855.798,4.590741,429.216
851.563995,3.916699,430.170205
848.1968,3.53009,430.93044
844.297735,3.220703,431.401135
839.65677,2.890234,432.04579
835.247225,2.783283,432.82051
830.4327,2.581195,433.691945
818.79465,2.21983,435.55686
812.32134,2.092371,436.48201
809.3263504,2.067451516,436.8042967
807.282555,1.822607,435.03687
797.0719,1.4,426.4344
796.315885,1.4,425.789915
794.181,1.340485,424.0383
791.22365,1.251166,421.36187
790.0801,1.222638,420.4622
789.1831,1.216559,420.3114
788.0591,1.126245,419.4231
782.539715,0.9461426,414.50034
769.38933,1.023779,403.147225
767.4395,1.10022,401.5076
767.1226,1.061621,400.692
763.112705,1.032178,397.172
757.0543759,1.006152323,391.8970841
756.4506337,1.004773,391.7040965
755.2558465,1.110572647,391.8543541
755.2153703,1.112940912,392.3067966
761.75647,1.190558,398.149195
766.1368,1.118134,401.697
767.063983,1.10022,401.8375716
768.996635,1.023779,403.60092
782.143915,0.9461426,414.951335
787.6641,1.126245,419.8747
788.7329203,1.218013691,420.696184
789.0798,1.245557,421.6104
791.10814,1.307745,423.50223
793.0624,1.366675,425.2755
794.514325,1.407355,426.500215
795.91724,1.4,427.67887
806.3564,1.911291,436.6978
807.473075,2.055145,437.62663
813.220055,2.250305,442.78227
820.00825,2.497583,449.0373
833.027,2.747307683,459.9823574
825.84161,2.872052,461.132215
822.8836,2.919842,461.481
816.17056,3.014355,462.18271
807.454445,3.903125,464.210045
804.05029,4.397473,464.822935
798.01312,4.965711,465.747695
791.623225,5.281653,466.7157
780.38667,7.038905538,468.9082
779.8427,6.665656,464.723
779.251395,5.805371,461.39015
778.18252,4.831506,455.48248
776.799675,3.875714,448.921
776.6913,3.775018,448.1483
775.6577609,3.061568223,442.4214201
793.917765,2.587366,439.657105
797.77967,2.573523,439.08192
807.70795,2.055145,437.693215
809.240055,2.07334,437.367365
812.4780688,2.092371,437.0196589
812.5675616,2.075192209,436.1879547
811.08924,1.797144,427.427845
810.4514677,1.705481,423.4013636
805.647955,1.562946,424.32593
795.4786067,1.4,425.8193928
793.7873,1.340485,424.491
790.82255,1.251166,421.808035
789.8065,1.222638,420.9962
789.3905012,1.216559,420.8729001
789.5378,1.245557,421.2936523
791.51676,1.307745,423.06287
793.4587,1.366675,424.8251
794.5232067,1.399165549,425.7090238
794.0278857,1.410802935,426.374181
792.362607,1.419247782,426.6273867
791.2359746,1.428663758,426.4797108
782.703135,1.529785,427.544585
773.263655,1.971552,429.08941
768.386925,2.225427,429.90331
755.21007,2.933167,432.17052
748.87735,3.811414,432.621715
736.8857336,5.80487429,434.4236435
736.041545,5.257282,429.01896
735.7263,5.203949,427.2611
734.936285,5.200995,422.198825
733.41238,4.227814,408.71179
732.4359,4.103284,405.1375
731.8232,3.854968,404.2698
731.5032,3.878522,403.6424
729.934,3.526764,396.152
729.4812146,3.499103,395.249409
711.8280654,4.654004,398.2812083
712.2578,5.52461,401.1775
714.094785,7.273682,412.290015
716.165,8.783826,425.265885
718.2021,8.95741,438.130705
720.350625,8.894251,451.683345
721.835035,8.16189,460.48121
722.6553669,8.022547,464.8478941
732.082345,8.565027,463.380275
741.4660162,8.076172,461.7073756
739.87693,7.436109,453.599175
739.1095,6.727081,449.3945
739.0786131,6.680613368,449.055334
748.8711,5.173279,446.8374
751.857265,4.783838,446.4338
754.4162,4.384937,445.9695
757.107115,4.130829,445.534945
759.1752,3.913886,445.2408
768.92793,3.411585,443.73949
775.0860125,3.097635385,442.4652813
776.1,3.775018,448.2497
776.20907,3.875714,449.0247
777.593815,4.831506,455.59778
778.660795,5.805371,461.496045
779.2494,6.665656,464.8121
779.9244901,7.063422,469.5380859
791.724525,5.281653,467.306995
798.103425,4.965711,466.340795
804.148885,4.397473,465.414735
807.575645,3.903125,464.797545
816.26976,3.014355,462.77321
822.9484,2.919842,462.0775
825.92411,2.872052,461.726415
833.5771101,2.748434162,460.4811814
834.5520469,2.743144854,461.4985445
835.239523,2.739602182,460.9450058
835.6933334,2.738135,459.7857368
836.5225191,2.792236,459.7202006
839.2506,2.728259,459.3958
843.81313,2.8,458.578785
849.01427,2.89798,458.173895
852.52207,3.027728,457.52565
857.6206,3.522888,456.0377
861.15522,3.670923,455.354
865.530155,4.250037,454.682395
869.905915,5.118683,453.99494
875.299395,5.820844,453.2522
878.6312,6.320294,452.7948
877.3559,6.208454,445.0803
876.5728,5.931763,440.4131
879.5583,6.212396,439.9463
885.44141,6.735904226,438.40236
889.8045012,6.467941768,437.5917496
890.7589902,6.354107857,437.4143781
891.3719548,6.354107857,437.078072
890.7393826,6.354107857,436.8866492
889.6996012,6.467941768,437.0009496
885.5910586,6.720056635,437.837433
885.4028276,6.622462922,436.7360484
885.6224,6.520045922,436.0916
885.2217,6.240967,433.4597
885.0312,6.080933,431.9319
884.1641,5.356494,425.4291
882.5945,4.966156,416.1976
882.4832,4.898529,415.6925
882.305,4.797675,414.9209
881.6038,4.834387,414.2193
881.3032,5.148926,415.1734
881.4925,5.425348,416.3519
883.062,5.598257182,425.6536
883.8229902,5.877881,431.4448294
883.912709,6.031184248,432.4314671
884.105401,6.218866,433.5228261
884.5092,6.455280922,436.2319
884.8668312,6.622462922,436.6991105
885.0730491,6.72195969,437.9298331
879.4257,6.212396,439.3611
876.4806,5.931763,439.82024
867.7618,4.800012,440.9429
866.3079501,6.358789,429.6622054
866.2207978,6.653314,428.7143882
865.9676,6.648395,428.2542
865.5742,6.603925,427.9807
865.174,6.530011,427.8563
864.7597,6.436334,427.8237
863.1323,6.301849,428.0074
861.904725,5.847662,428.177795
135
834.5501,2.742377,459.8665
833.3504,2.7,458.9006
830.6049,2.716077,456.7623
826.5363,2.750739,453.1944
824.0275,2.551123,450.9836
821.26458,2.532965,448.83942
812.72549,2.184839,440.813795
808.982545,2.07334,437.30019
807.2635377,1.822607,435.7987211
807.4532,1.8,434.6141
807.351,1.8,432.9834
806.9431,1.731696,430.3567
805.9630104,1.568992465,424.872448
810.26199,1.705481,423.957555
816.948275,2.041968,422.90652
828.1451357,2.874817287,420.9865139
830.189785,2.581195,434.03512
832.3708716,2.598519635,446.9151283
821.42305,2.532965,448.32345
820.1647,2.497583,448.5199
814.24866,2.57948,449.44666
805.0925,3.013544,451.045055
796.210704,3.6986671,452.4136784
795.64418,3.312048,448.68399
794.16939,2.587366,439.31456
793.155825,1.821881,432.75976
792.14318,1.421863,426.659265
791.8204,1.353107,424.5971
791.60776,1.307745,423.229565
791.4079,1.270807,422.1238
791.3198,1.251166,421.5401
790.105825,0.883667,413.51206
787.968215,0.6,400.33628
786.3033163,0.5,390.7062489
767.6037483,0.6358399,393.7646652
768.896665,1.023779,403.419645
770.91208,1.280945,416.52627
773.019425,1.971552,429.450895
774.460905,2.600635,435.797965
775.0210568,3.082452431,441.9233023
768.83537,3.411585,443.14671
759.085,3.913886,444.6476
757.01198,4.130829,444.942555
754.3149,4.384937,445.378
751.77543,4.783838,445.839505
748.7503,5.173279,446.2497
739.2085655,6.640314662,448.4107931
738.4314304,6.726532,448.8365961
738.519,6.727081,449.5007
739.28787,7.436109,453.713625
740.8256978,8.089228056,461.2863149
731.987355,8.565027,462.787825
722.843135,8.022547,464.25024
711.053135,7.088947,465.91823
709.509,6.957715,466.1833
708.258905,6.853559,466.394365
704.6567795,6.466962901,467.0698209
702.70939,6.896356,454.564775
700.66081,7.275262,441.250235
698.600925,7.270227,428.08717
696.4177904,7.146506073,415.4299547
714.44695,7.273682,412.535785
722.90485,5.655609,410.90887
733.159375,4.227814,409.044325
749.2467,2.671613,406.645
751.168825,2.492383,406.2246
760.8975,1.547418,404.8639
769.24207,1.023779,403.67025
781.6645,0.6753967,401.608
787.7234,0.6,400.681545
795.805405,0.6,399.2784
805.5290519,0.6976800356,397.5259094
806.389445,0.7,402.424965
807.59227,1.11543,410.074705
809.91795,1.705481,423.706575
810.49756,1.797144,427.527055
812.0610819,2.073752773,436.5206238
809.6234132,2.07334,436.7809399
807.62275,2.055145,437.099385
797.6941,2.573523,438.4881
796.2903747,1.454456,428.2834438
796.75079,1.421751157,427.6061554
806.7479,1.911291,436.2431
807.865275,2.055145,437.17263
813.623655,2.250305,442.338365
820.405755,2.497583,448.5881
833.821605,2.738135,459.98896
834.5204,2.771857,460.7438
835.33224,2.827747,461.563955
836.9374137,2.837268,463.0158009
846.914795,2.522205,471.41692
854.1954,2.300751,477.8564
856.3347,2.202509,479.75202
860.4283071,2.033563,483.4282235
862.7891,1.951874,483.104
864.186,1.915521,482.8804
865.454275,1.922534,482.670185
870.091165,1.947321,481.92736
872.4596,1.958545,481.5911
873.84125,1.963922,481.427545
876.9341,2.010651,480.86
879.7246,2.094714,480.4256
882.82771,2.152057,479.931985
887.061,2.336621,479.2893
890.0499,2.343365,478.7833
892.1437563,2.340509,478.3941283
890.99511,2.990424,470.502195
890.3824,3.44646,466.501
889.992085,3.745111,464.337015
888.3113,5.217651,454.7136
887.7070171,5.752161,451.0480905
884.350175,5.950299,451.49273
878.549725,6.320294,452.200275
875.217605,5.820844,452.6577
869.813285,5.118683,453.40206
865.439045,4.250037,454.089405
861.042275,3.670923,454.7647
857.4743,3.522888,455.4558
852.4774417,3.037027549,456.915069
853.9965,2.901227,468.9061
854.2192,2.862293,470.5194
854.5197,2.747949,472.2169
854.9606,2.594037,474.6272
854.9984,2.596552,475.0788
854.9428,2.592853,475.7523
854.7313,2.578754,476.4257
854.4890201,2.317224,476.9572865
853.7793601,2.523828,476.9678399
850.0932,2.551917,473.959
847.53371,2.555975,471.68693
844.5734,2.670996,469.1484
842.4016,2.647339,467.3096
839.295,2.87749,464.6013
837.81055,2.8354,463.32469
836.6574,2.891242,462.1676
69
857.0763,4.821228,429.4442
861.6843308,5.81714692,428.7367888
863.026665,4.634314,437.02736
863.7653317,4.264685748,442.0200289
867.8361816,4.805594989,441.4586609
869.8596,5.118683,453.6985
870.9194,4.957569,460.7945
871.7742,5.15979,464.8559
871.8956,4.796967,465.5756
872.0937,4.601673,466.8662
866.3085,3.577783,468.0363
863.236,3.112506,468.6536
863.8929293,2.692411216,472.4961827
863.7661195,2.579031302,473.5428081
863.964,2.339172,474.9161
864.342,2.117981,477.1443
864.7983,1.989874,480.397
865.0678375,1.920931094,482.1260438
864.0895,1.915521,482.2882
862.6811,1.951874,482.5137
861.3925793,1.99771199,482.7560387
859.6028,2.11145,481.1229
857.52648,2.213263,479.42047
854.578015,2.317224,476.96653
854.1012,2.523828,476.5754
850.4858,2.551917,473.5052
847.92811,2.555975,471.23483
844.9629,2.670996,468.6919
842.7932,2.647339,466.855
839.6882,2.87749,464.1482
838.21855,2.8354,462.88539
837.0937,2.891242,461.7558
834.9151672,2.726455035,459.5397546
833.6949935,2.696424278,458.463933
830.9901,2.716077,456.3023
826.9324,2.750739,452.7436
824.4096,2.551123,450.5211
821.65388,2.532965,448.383725
812.8677369,2.174568984,440.1712736
812.4017397,2.078536931,436.9853092
818.884455,2.21983,436.15006
830.533595,2.581195,434.28335
835.352625,2.783283,433.411115
839.4389251,2.887458367,432.6311555
840.34163,2.819605,438.578005
840.89,2.773968,441.8805
841.049,2.743011,442.8083
841.243,2.701898,444.0362
841.3888156,2.738727308,445.1083694
842.2214051,2.770671179,445.8223121
846.5561549,2.90448647,445.084722
847.3844,2.95119,450.0056
847.5676,2.868219,451.0568
848.3627,2.886963,455.4207
848.6487719,2.892034135,457.6006775
843.722026,2.799607808,458.042169
842.751,2.790033,452.1553
842.308,2.775269,449.4182
841.8293,2.759308,446.0735
841.9828639,2.738680234,445.0242748
841.8367,2.701898,443.9498
841.6412,2.743011,442.7113
841.4818,2.773968,441.7816
840.93423,2.819605,438.48381
839.9979436,2.908630558,432.6042498
844.37504,3.220703,431.99613
848.298895,3.53009,431.52084
851.695895,3.916699,430.755505
855.9399,4.590741,429.799
160
694.3995193,5.118903,523.3693169
712.89757,5.67345,520.15352
722.03794,6.000427,518.47181
730.9878441,6.761529,517.1117597
732.84098,7.513648,529.33438
734.90012,8.104877,541.76169
736.8816,8.402313,554.1904
755.1003,10.03669,551.3095
761.4455,10.24611,549.556
765.0845,10.38171,549.6332
767.0527,10.45601,549.3723
772.0621,10.46627,548.4128
773.231874,10.41862,548.1279654
774.19513,10.47052,554.493725
774.609,10.42222,557.4381
775.30067,10.2413,560.480845
777.4096214,9.317227822,573.0948389
777.8718112,9.264289,574.1202266
779.8043,7.396167,586.6074
779.8466,7.377747,586.8837
781.1846,6.374927,595.5443
781.8726,6.042627,599.9993
783.8986,5.084394,613.0306
784.7892,4.598377,618.0986
785.5673,4.234094,622.5212
786.2475,4.02359,626.3422
786.8708,3.770923,630.1014
787.2604,3.684064,632.3177
788.3991242,3.309967,639.6106347
797.52799,2.91748,638.154285
806.5558,2.788818,636.6815
806.0468,2.957806,632.319
805.3232,3.177777,627.6102
804.5484,3.506573,623.3544
803.9027,3.665234,619.3876
803.1313,4.113623,614.8457
802.3109,4.448877,610.141
800.1179,5.558979,597.0817
799.1717,6.162628,591.0499
798.6819,6.409485,587.9078
798.1141,6.725555,584.0923
796.1288443,8.523829,571.1627673
796.2799004,8.59685,570.1156709
796.0835,8.660474,568.7255
794.4461,9.105781,558.7281
794.23593,9.055158,557.44214
793.440585,8.831476,551.40966
792.845,8.559363,547.926
792.3908,8.371045,545.2663
800.1268,7.692188,544.0486
806.7079,7.485773,543.033
810.2034,7.233142,542.4719
819.5543,6.686499,541.0831
822.4262,6.565344,540.6342
824.5414,6.453693,540.3256
828.7271,5.973651,539.6102
832.6342,5.298395,538.7545
833.3356,5.222638,538.5861
837.6771,4.799817,537.6743
842.2301,4.389703,537.2814
847.3354,3.828223,536.4218
845.41947,3.332208,524.11121
843.14973,3.206555,511.787115
841.2051,2.790064,499.422895
839.788475,2.718616,490.39723
839.1301772,2.821661,486.1630885
834.08796,2.997101,486.97407
831.0613,3.138544,487.4789
828.8029,3.204163,487.8293
826.489835,3.3508,488.19688
824.0624223,3.377777,488.4848582
823.1689,3.453052,488.1048
822.7153,3.473132,488.1289
821.4049,3.53219,488.3748
820.41554,3.557483,488.603955
819.5513,3.581958,488.7879
816.8281,3.743006,489.4631
811.9927437,3.982349,490.8332041
809.5399,4.134009,490.369
808.9043,4.17638,490.3297
806.7748,4.318347,490.5948
801.8561755,4.565021,491.1966302
802.0263,4.588715,492.5672
802.2492,4.662659,493.7893
802.515625,4.690692,495.34216
804.096115,5.160492,505.17439
805.0756,5.411859,511.515105
806.02152,5.72771,517.64313
806.789695,5.723835,522.91827
807.8804772,5.928003,530.0109529
804.9047,6.203937,530.4638
802.2107,6.455133,530.6181
790.0991,7.954572,532.8346
780.3342,9.181763,534.3552
771.5756,10.02659,535.9489
765.2526,9.994037,536.8593
760.2043,9.796735,537.6434
753.5066839,9.377954,538.8352427
751.40122,8.598749,525.86458
749.7588329,7.989643,514.0031289
766.5161,8.447351,511.4896
767.85088,8.492175,511.31408
769.051,8.468195,511.1709
776.347045,7.624829,509.96878
782.0188,7.166284,509.0928
785.98214,6.745069,508.36281
792.6446499,6.277088,507.3373369
791.6457,5.803162,500.7996
791.4091,5.738117,499.2339
790.9946,5.724695,496.3373
790.8123,5.71662,495.3626
790.5934,5.708807,494.2522
790.1551373,5.700879,492.4449096
783.9247131,6.868598,493.5424891
783.251,8.203723,486.0899
783.1484,8.205994,485.4543
783.0081,8.327674,484.9131
782.585,8.717273,481.3918
782.0618,8.686292,477.6462
781.5275,8.550641,477.057
781.2938,8.694361,477.8145
781.8058,8.816956,481.5182
782.4403,8.332623,485.0675
782.5561,8.205994,485.5504
782.6539,8.203723,486.1494
783.39068,6.868598,493.923565
783.6133,6.749036,495.3267
783.7919,6.680524,496.4933
784.6322101,6.614313,501.6054507
782.8835,6.804389,501.9062
775.0623,8.008283,503.1954
768.5846,8.646606,504.264
767.5485,8.643066,504.3751
767.1682155,8.614044,504.3969952
766.1486,8.953583,499.1107
765.9826,8.942451,498.1344
765.8146,8.973102,497.1329
765.727425,8.994452,496.77891
764.92591,9.396136,491.27958
764.6136309,9.449353,489.2818796
764.9767,9.57685,489.0259
765.3024,9.516315,488.7261
765.4515,9.526141,488.2902
765.4058,9.539227,487.8376
764.98858,9.476404,484.384
764.7798,9.462305,483.4853
764.4794,9.442261,481.5501
764.3506,9.434839,481.0967
764.1302,9.425189,480.7496
763.7255,9.405158,480.5192
762.6179,9.357654,480.6631
763.1793172,9.39773,484.5379597
745.278655,7.885986,487.240375
726.799595,6.681427,490.2285
717.75185,5.952765,491.68902
708.452415,5.430127,493.48347
689.880099,4.406518,496.5813788
691.441285,4.45625,506.229795
692.0109,4.559814,509.64897
692.22079,4.51925,510.678575
58
876.0856,1.3,496.2634
875.1194,1.3,495.2728
873.621455,1.329724,493.93419
870.1247,1.50401,490.942
870.0411,1.50672,490.87
868.052405,1.576483,489.2264865
867.7424,1.620056,488.3079
867.2573,1.633752,487.8097
866.1507,1.699982,486.9149
864.1681,1.8237,485.1921
861.4027938,1.989246,482.7748251
860.6613,2.008551,482.8477
859.76066,2.033563,482.989505
856.78832,2.116742,483.46649
854.921885,2.2,483.660825
850.19574,2.260169,484.44888
838.5683237,2.821661,486.2622594
839.194825,2.718616,490.48377
840.6123,2.790064,499.515905
842.557165,3.206555,511.881185
844.8294,3.332208,524.2194
850.9186,2.917084,523.2996
851.5908,2.867871,523.1677
853.8273,2.785059,522.7146
856.7995,2.595215,522.2278
862.8276,2.1815,521.316
867.2435,1.920129,520.0407
869.3364,1.765637,519.5919
873.4106,1.487976,519.2411
879.7225,1.262921,518.6099
897.9899,0.5,515.8603
904.2941,0.4585327,514.9471
916.2353,0.4,513.3212
923.0703,0.4,512.1007
927.4451,0.4,511.3571
929.1594,0.4,511.0906
930.1134,0.3978821,516.8535
931.1743,0.3625183,523.127
931.731,0.3439697,526.4938
932.1317,0.4,529.1311
933.3005,0.3916504,535.2614
934.2912,0.3586243,541.6442
935.2895,0.4,548.0114
922.04251,0.4653137,550.17178
913.02751,0.5,551.574245
904.1984091,0.6473266,553.1404382
902.115415,0.5511475,540.305505
901.14733,0.5733032,534.093175
900.246135,0.5,527.82551
899.243135,0.5,521.954415
898.3320757,0.5,516.0544426
897.6938,0.5,515.0208
896.2468,0.5,513.6211
895.1726,0.5,512.662155
889.078585,0.725824,507.594525
885.99068,0.7322083,504.7939
883.2778,0.8118774,502.4304
879.6284,1.034125,499.4156
86
864.367,1.736603,487.6903
866.6457,1.604132,489.4362
867.6262388,1.576483,489.6280243
869.6556,1.50672,491.3297
869.7347,1.50401,491.3979
873.22214,1.329724,494.38201
874.7073,1.3,495.7088
875.670625,1.3,496.69617
879.2377,1.034125,499.8711
882.8906,0.8118774,502.8886
885.588025,0.7322083,505.2387
888.69401,0.725824,508.055075
894.4847715,0.5,512.792668
895.3473303,0.5,512.9136886
895.9306,0.5,512.8722
896.4426,0.5,512.7039
896.899,0.5,512.4094
897.1996,0.5,511.9464
897.5560315,0.5,510.9910407
897.4629,0.5,510.2187
897.4067,0.5,509.9761
896.315415,0.5,503.19891
895.73603,0.5411804,499.76099
895.13528,0.6516418,496.449675
894.17177,1.174847,490.87952
894.0918,1.208136,490.3807
892.898115,1.85976,482.88628
892.059007,2.340509,477.7968139
889.9446,2.343365,478.1925
886.9666,2.336621,478.6967
882.735605,2.152057,479.339185
879.6313,2.094714,479.8329
876.8333,2.010651,480.2685
873.7338,1.963922,480.8372
873.506,1.936939,481.9475
873.5115,1.922723,482.3748
873.524,1.909821,482.7732
873.576,1.886902,483.4687
873.6481,1.862823,484.2088
874.159215,1.662073,487.460505
875.133155,1.338287,493.951885
875.4515082,1.316309691,495.2989824
875.8627579,1.3,496.3039609
876.0224882,1.279881447,497.349979
877.574,1.074103,506.321
878.0415,1.067236,509.5194
878.6761,1.212463,513.0827
879.7225,1.262921,518.6099
880.7132,1.189117,525.4277
881.5148,1.217841,530.9688
882.4466951,1.265906,537.2624939
882.7880334,1.254668751,537.5399901
900.3986933,0.5733032,534.4727029
901.3847422,0.5688477865,534.0462604
909.2839161,0.5029217779,532.6710481
909.9594494,0.5,532.8539515
919.048,0.4,531.6167
918.1436917,0.4,525.5891792
918.3493786,0.4,524.9030021
917.492485,0.4,518.72525
916.5860635,0.4,513.583076
916.1652612,0.4,512.9989973
914.1758,0.5,500.3588
913.5302,0.5,496.7815
912.1498,0.7,488.1257
902.9549,0.9643494,489.5847
893.8756,1.174847,490.9272
889.6443,1.168213,491.7297
880.9359,1.260126,493.2462
877.4393,1.297351,493.7401
876.4608,1.325391,493.8775
875.4289,1.338287,493.9014
874.3791,1.333002,494.0599
873.4218,1.329724,494.1581
872.2641,1.350317,494.3265
871.251,1.378473,494.4948
869.9932,1.410583,494.7894
868.3345,1.457184,495.1261
862.2119,1.699811,496.2063
858.7454,1.830469,496.6594
857.659,2.013031,488.5746
857.2805,2.025653,486.2599
856.8826,2.116742,484.059
859.7126026,2.033563,483.6030937
860.7482,1.963446,484.482
862.4692,1.85683,485.9513
89
844.997,5.688416,563.0589
843.8054115,5.752735,563.2322281
843.3655,5.844153,563.5278
841.6623,6.020795,563.7803
837.5213,6.520905,564.5378
833.3579,7.007434,565.2111
832.0554,7.08913,565.3654
831.4766,7.124908,565.4496
830.6910354,7.214545,565.233098
824.893,7.863776,566.2643
820.5353,8.315308,567.0086
814.1583584,8.501068,567.884799
812.0012785,8.67602,555.0313231
812.1669124,8.645255448,554.382637
811.2276,8.082911,548.7607
810.8034,7.76687,545.8513
810.2034,7.233142,542.4719
809.2683,6.431903,537.0851
809.157,6.423883,536.4791
808.1329,5.928003,529.9728
817.5283,5.316449,528.4998
822.916,5.045002,527.6581
826.8965,4.834021,527.0607
829.023085,5.973651,539.56161
830.96086,6.631,551.392905
831.1638128,6.6732,552.9669316
831.6881,6.658081,553.6943
831.8139,6.69519,554.275
833.1575,6.854419,563.8799
833.3579,7.007434,565.2111
835.3394,5.886334,578.1867
843.9221,5.437824,576.6718
844.8795,5.450452,576.5454
845.7811,4.944061,581.6094
846.5158,4.073737,585.3127
847.2061,3.761462,589.4788
846.1351,3.797168,589.6682
837.5545,4.366376,591.0499
836.3634,4.43081,591.2744
834.8517,5.456732,582.2982
834.2484,5.869501,578.355
832.0554,7.08913,565.3654
831.8674,7.14566,564.0454
830.4858,6.795129,553.8486
830.6135151,6.6732,553.03415
830.367855,6.631,551.48401
828.431285,5.973651,539.660405
826.303105,4.834021,527.14876
824.7446,4.151166,514.6067
828.5801,3.897083,514.0226
831.1248,3.719916,513.7224
833.8622,3.614832,513.3071
838.9016,3.379584,512.4374
842.8535,3.206555,511.8341
846.9611,2.939258,511.1748
850.6412,2.640881,510.5996
852.0818,2.509351,510.3625
855.0797,2.390906,509.8365
855.9935,2.326245,509.7243
860.9106,1.972205,508.9372
861.555,2.066333,513.5596
862.8276,2.1815,521.316
864.6609,2.518543,533.7604
871.5182,1.84596,532.4418
881.5148,1.217841,530.9688
899.9492,0.5,527.8686
908.7212,0.5,526.4938
909.634,0.5,532.6101
910.5653402,0.5,538.5694131
910.9761746,0.5,539.2723117
912.0103355,0.5,544.5252328
911.8890166,0.5,545.4310941
912.791,0.5,550.1873
912.9067,0.5,550.9658
913.1257,0.5,552.1661
904.00537,0.6473266,553.76587
903.5604,0.6497559,553.8387
901.7116,0.6462159,554.1447
892.415245,1.022101,555.64589
890.9135,1.124084,555.8842
885.567455,1.368524,556.754275
881.784205,1.531274,557.329215
877.80081,1.973047,557.96021
872.04594,2.607068,558.90655
868.81488,2.853223,559.363335
860.14549,3.817364,560.72372
851.1059,5.094983,562.2107
850.325435,5.150568,562.32491
849.2174,5.229755,562.4924
