01131232132010
01131232132012
01131232123113
01131232123112
01131232123111
01131232123110
01131232130302
01131232121323
01131232123131
01131232123130
01131232123133
01131232123132
01131232132200
01131232130300
01131232121313
01131232121312
01131232121311
01131232130203
01131232121330
01131232130201
01131232121332
01131232130200
01131232132220
01131232130221
01131232130220
01131232130223
01131232130222
01131232123331
01131232123330
01131232123211
01131232123213
01131232123311
01131232123310
01131232123313
01131232123312
01131232132003
01131232132002
01131232132001
01131232132000
01131232132021
01131232132020
01131232132023
01131232132022
01131232123101
01131232123103
01131232123122
01131232123123
01131232123120
01131232123121
01131232121331
01131232132202
01131232123230
01131232130202
01131232123231
01131232121333
01131232130210
01131232130211
01131232130212
01131232130213
01131232130232
01131232130233
01131232130230
01131232130231
01131232123320
01131232123321
01131232123302
01131232123303
01131232123300
01131232123301
01131232123031
01131232123033
